4	2	0	555	space
3	2	0	555	宇宙
2	2	0	555	宇宙
1	2	0	555	우주
0	0	0	627	Arena
4	2	0	583	shrine
3	2	0	583	寺廟
2	2	0	583	お寺
1	2	0	583	절
0	0	0	656	Bridge
4	2	0	599	shipdeck
3	2	0	599	船上
2	2	0	599	船上
1	2	0	599	선상
0	0	0	709	Desert
4	2	0	601	sky
3	2	0	601	天空
2	2	0	601	空
1	2	0	601	하늘
0	0	0	641	Dungeon1
4	2	0	607	ghost-town
3	2	0	607	老街
2	2	0	607	旧市街
1	2	0	607	구시가지
0	0	0	635	Dungeon2
4	2	0	611	wasteland
3	2	0	611	廢墟
2	2	0	611	廃墟
1	2	0	611	폐허
0	0	0	669	Dungeon3
4	2	0	612	bath
3	2	0	612	澡堂
2	2	0	612	銭湯
1	2	0	612	공중 목욕탕
0	0	0	707	Dungeon4
4	2	0	614	road
3	2	0	614	道路
2	2	0	614	路上
1	2	0	614	도로 위
0	0	0	666	Dungeon5
4	2	0	618	swamp
3	2	0	618	毒沼
2	2	0	618	毒沼
1	2	0	618	독연못
0	0	0	676	Dungeon6
4	2	0	627	arena
3	2	0	627	競技場
2	2	0	627	闘技場
1	2	0	627	투기장
0	0	0	712	Graveyard
4	2	0	634	forest1
3	2	0	634	森林1
2	2	0	634	森１
1	2	0	634	숲１
0	0	0	634	Forest1
4	2	0	635	dungeon2
3	2	0	635	迷宮2
2	2	0	635	ダンジョン２
1	2	0	635	던젼２
0	0	0	674	Forest2
4	2	0	641	dungeon1
3	2	0	641	迷宮1
2	2	0	641	ダンジョン１
1	2	0	641	던젼１
0	0	0	689	Beach
4	2	0	647	snowfield
3	2	0	647	雪原
2	2	0	647	雪原
1	2	0	647	설원
0	0	0	660	Mountain Road
4	2	0	650	barren
3	2	0	650	荒地
2	2	0	650	荒地
1	2	0	650	황야
0	0	0	678	Temple2
4	2	0	654	castle
3	2	0	654	王位
2	2	0	654	玉座
1	2	0	654	옥좌
0	0	0	612	Bathhouse
4	2	0	656	bridge
3	2	0	656	橋
2	2	0	656	橋
1	2	0	656	다리
0	0	0	599	Ship
4	2	0	660	mountain
3	2	0	660	山路
2	2	0	660	山道
1	2	0	660	산길
0	0	0	665	Grassland
4	2	0	665	plains
3	2	0	665	草原
2	2	0	665	草原
1	2	0	665	초원
0	0	0	692	Town
4	2	0	666	dungeon5
3	2	0	666	迷宮5
2	2	0	666	ダンジョン５
1	2	0	666	던젼５
0	0	0	607	Old Town
4	2	0	669	dungeon3
3	2	0	669	迷宮3
2	2	0	669	ダンジョン３
1	2	0	669	던젼３
0	0	0	618	Swamp
4	2	0	673	building
3	2	0	673	洋館
2	2	0	673	洋館
1	2	0	673	양관(서양식집)
0	0	0	718	Rocky Road
4	2	0	674	forest2
3	2	0	674	森林2
2	2	0	674	森２
1	2	0	674	숲２
0	0	0	611	Ruins1
4	2	0	676	dungeon6
3	2	0	676	迷宮6
2	2	0	676	ダンジョン６
1	2	0	676	던젼６
0	0	0	701	Ruins2
4	2	0	678	ruins1
3	2	0	678	神殿
2	2	0	678	神殿
1	2	0	678	신전
0	0	0	777	Sea
4	2	0	684	strange
3	2	0	684	異次元空間
2	2	0	684	異空間
1	2	0	684	이공간
0	0	0	601	Sky
4	2	0	689	beach
3	2	0	689	淺灘
2	2	0	689	砂浜
1	2	0	689	사구
0	0	0	647	Snow Field
4	2	0	692	town
3	2	0	692	街道
2	2	0	692	街中
1	2	0	692	길가운데
0	0	0	555	Universe
4	2	0	701	ruins2
3	2	0	701	遺跡
2	2	0	701	遺跡
1	2	0	701	유적
0	0	0	583	Temple1
4	2	0	707	dungeon4
3	2	0	707	迷宮4
2	2	0	707	ダンジョン４
1	2	0	707	던젼４
0	0	0	614	Road
4	2	0	709	desert
3	2	0	709	沙漠
2	2	0	709	砂漠
1	2	0	709	사막
0	0	0	684	Space
4	2	0	712	graveyard
3	2	0	712	墳場
2	2	0	712	お墓
1	2	0	712	바닥
0	0	0	654	Castle
4	2	0	718	rockbed
3	2	0	718	岩壁
2	2	0	718	岩場
1	2	0	718	바위
0	0	0	673	Mansion
4	2	0	777	ocean
3	2	0	777	海
2	2	0	777	海
1	2	0	777	바다
0	0	0	650	Wasteland
4	1	1	19	Arrow
4	2	1	19	bow2
3	1	1	19	箭
3	2	1	19	箭
2	1	1	19	矢
2	2	1	19	矢
1	1	1	19	화살
1	2	1	19	화살
0	0	1	19	Arrow
4	1	1	20	Sphere
4	2	1	20	cure2
3	1	1	20	治療
3	2	1	20	治療
2	1	1	20	治療
2	2	1	20	治療
1	1	1	20	치료
1	2	1	20	치료
0	0	1	20	Treatment
4	1	1	27	Sword1
4	2	1	27	sword2
3	1	1	27	劍1
3	2	1	27	劍1
2	1	1	27	剣1
2	2	1	27	剣1
1	1	1	27	검1
1	2	1	27	검1
0	0	1	27	Sword1
4	1	1	32	Barrier
4	2	1	32	barrier2
3	1	1	32	防護罩
3	2	1	32	護罩
2	1	1	32	バリア
2	2	1	32	バリア
1	1	1	32	배리어
1	2	1	32	베리어
0	0	1	32	Barrier
4	1	1	33	Absorption
4	2	1	33	absorb2
3	1	1	33	吸收
3	2	1	33	吸收
2	1	1	33	吸収
2	2	1	33	吸収
1	1	1	33	흡수
1	2	1	33	흡수
0	0	1	33	Bite
4	1	1	35	Sun
4	2	1	35	healing2
3	1	1	35	回復
3	2	1	35	回復
2	1	1	35	回復
2	2	1	35	回復
1	1	1	35	회복
1	2	1	35	회복
0	0	1	35	Recovery
4	1	1	36	Axe
4	2	1	36	axe2
3	1	1	36	斧
3	2	1	36	斧
2	1	1	36	斧
2	2	1	36	斧
1	1	1	36	손도끼
1	2	1	36	도끼
0	0	1	36	Axe
4	1	1	54	Sword2
4	2	1	54	sword3
3	1	1	54	劍2
3	2	1	54	劍2
2	1	1	54	剣2
2	2	1	54	剣2
1	1	1	54	검2
1	2	1	54	검2
0	0	1	54	Sword2
4	1	1	59	Wind
4	2	1	59	wind2
3	1	1	59	風
3	2	1	59	風
2	1	1	59	風
2	2	1	59	風
1	1	1	59	바람
1	2	1	59	바람
0	0	1	59	Wind
4	1	1	63	Fang
4	2	1	63	claw2
3	1	1	63	爪
3	2	1	63	爪
2	1	1	63	爪
2	2	1	63	爪
1	1	1	63	손톱
1	2	1	63	손톱
0	0	1	63	Claw
4	1	1	64	Whip
4	2	1	64	whip2
3	1	1	64	鞭
3	2	1	64	鞭
2	1	1	64	鞭
2	2	1	64	鞭
1	1	1	64	채찍
1	2	1	64	채찍
0	0	1	64	Whip
4	1	1	83	Ray
4	2	1	83	revive2
3	1	1	83	蘇生
3	2	1	83	復活
2	1	1	83	蘇生
2	2	1	83	蘇生
1	1	1	83	소생
1	2	1	83	소생
0	0	1	83	Ressurection
4	1	1	84	Spear
4	2	1	84	spear2
3	1	1	84	槍
3	2	1	84	槍
2	1	1	84	槍
2	2	1	84	槍
1	1	1	84	창
1	2	1	84	창
0	0	1	84	Spear
4	1	1	139	Holy
4	2	1	139	holy2
3	1	1	139	神聖
3	2	1	139	神聖
2	1	1	139	神聖
2	2	1	139	神聖
1	1	1	139	신성
1	2	1	139	신성
0	0	1	139	Holy
4	1	1	157	Zip
4	2	1	157	bolt2
3	1	1	157	雷
3	2	1	157	雷
2	1	1	157	雷
2	2	1	157	雷
1	1	1	157	천둥
1	2	1	157	전격
0	0	1	157	Thunder
4	1	1	161	Earth
4	2	1	161	earth2
3	1	1	161	大地
3	2	1	161	大地
2	1	1	161	大地
2	2	1	161	大地
1	1	1	161	대지
1	2	1	161	대지
0	0	1	161	Earth
4	2	1	164	bow1
3	2	1	164	2003弓
2	2	1	164	2003弓
1	2	1	164	2003화살
0	0	1	164	2003 Bow
4	1	1	166	Down
4	2	1	166	decrease
3	1	1	166	下降
3	2	1	166	下降
2	1	1	166	下降
2	2	1	166	下降
1	1	1	166	하강
1	2	1	166	하강
0	0	1	166	Debuff
4	1	1	167	Up
4	2	1	167	increase
3	1	1	167	上昇
3	2	1	167	上昇
2	1	1	167	上昇
2	2	1	167	上昇
1	1	1	167	상승
1	2	1	167	상승
0	0	1	167	Buff
4	1	1	173	Hit
4	2	1	173	attack
3	1	1	173	打擊
3	2	1	173	打擊
2	1	1	173	打撃
2	2	1	173	打撃
1	1	1	173	타격
1	2	1	173	타격
0	0	1	173	Blow
4	2	1	181	lightray
3	2	1	181	2003光柱
2	2	1	181	2003光柱
1	2	1	181	2003주위의 빛
0	0	1	181	2003 Light Pillar
4	2	1	185	cure1
3	2	1	185	2003治療
2	2	1	185	2003治療
1	2	1	185	2003치료
0	0	1	185	2003 Cure
4	2	1	187	claw1
3	2	1	187	2003爪
2	2	1	187	2003爪
1	2	1	187	2003손톱
0	0	1	187	2003 Claw
4	2	1	188	axe1
3	2	1	188	2003斧
2	2	1	188	2003斧
1	2	1	188	2003도끼
0	0	1	188	2003 Axe
4	1	1	189	Poison
4	2	1	189	breath2
3	1	1	189	吐息中
3	2	1	189	氣息
2	1	1	189	ブレス
2	2	1	189	ブレス
1	1	1	189	호흡
1	2	1	189	브레스
0	0	1	189	Breath
4	2	1	190	holy1
3	2	1	190	2003神聖
2	2	1	190	2003神聖
1	2	1	190	2003신성
0	0	1	190	2003 Holy
4	1	1	198	Paralysis
4	2	1	198	paralyze2
3	1	1	198	麻痺
3	2	1	198	麻痺
2	1	1	198	麻痺
2	2	1	198	麻痺
1	1	1	198	마비
1	2	1	198	마비
0	0	1	198	Paralysis
4	2	1	201	misc2
3	2	1	201	2003其他2
2	2	1	201	2003その他2
1	2	1	201	2003기타2
0	0	1	201	2003 Other2
4	2	1	206	sword1
3	2	1	206	2003劍
2	2	1	206	2003剣
1	2	1	206	2003검
0	0	1	206	2003 Sword
4	2	1	226	absorb1
3	2	1	226	2003吸收
2	2	1	226	2003吸収
1	2	1	226	2003흡수
0	0	1	226	2003 Absorb
4	2	1	233	whip1
3	2	1	233	2003鞭
2	2	1	233	2003鞭
1	2	1	233	2003채찍
0	0	1	233	2003 Whip
4	2	1	240	healing1
3	2	1	240	2003回復
2	2	1	240	2003回復
1	2	1	240	2003회복
0	0	1	240	2003 Recovery
4	2	1	243	revive1
3	2	1	243	2003復活
2	2	1	243	2003蘇生
1	2	1	243	2003소생
0	0	1	243	2003 Revive
4	2	1	254	spear1
3	2	1	254	2003槍
2	2	1	254	2003槍
1	2	1	254	2003창
0	0	1	254	2003 Spear
4	2	1	258	barrier1
3	2	1	258	2003護罩
2	2	1	258	2003バリア
1	2	1	258	2003베리어
0	0	1	258	2003 Barrier
4	1	1	273	Explosion
4	2	1	273	explode2
3	1	1	273	爆發
3	2	1	273	爆發
2	1	1	273	爆発
2	2	1	273	爆発
1	1	1	273	폭발
1	2	1	273	폭발
0	0	1	273	Explosion
4	1	1	274	Cold
4	2	1	274	ice2
3	1	1	274	冷氣
3	2	1	274	冰
2	1	1	274	冷気
2	2	1	274	冷気
1	1	1	274	냉기
1	2	1	274	냉기
0	0	1	274	Ice
4	2	1	276	earth1
3	2	1	276	2003大地
2	2	1	276	2003大地
1	2	1	276	2003대지
0	0	1	276	2003 Earth
4	2	1	282	bolt1
3	2	1	282	2003雷
2	2	1	282	2003雷
1	2	1	282	2003전격
0	0	1	282	2003 Thunder
4	2	1	292	ice1
3	2	1	292	2003冰
2	2	1	292	2003冷気
1	2	1	292	2003냉기
0	0	1	292	2003 Cold
4	1	1	300	Fire1
4	2	1	300	fire2
3	1	1	300	炎1
3	2	1	300	炎1
2	1	1	300	炎1
2	2	1	300	炎1
1	1	1	300	불1
1	2	1	300	화염1
0	0	1	300	Fire1
4	2	1	303	strike
3	2	1	303	2003打擊
2	2	1	303	2003打撃
1	2	1	303	2003타격
0	0	1	303	2003 Blow
4	2	1	313	wind1
3	2	1	313	2003風
2	2	1	313	2003風
1	2	1	313	2003바람
0	0	1	313	2003 Wind
4	2	1	315	breath1
3	2	1	315	2003氣息
2	2	1	315	2003ブレス
1	2	1	315	2003브레스
0	0	1	315	2003 Breath
4	2	1	336	paralyze1
3	2	1	336	2003麻痺
2	2	1	336	2003麻痺
1	2	1	336	2003마비
0	0	1	336	2003 Paralysis
4	1	1	381	Dark
4	2	1	381	dark2
3	1	1	381	暗黑
3	2	1	381	暗黑
2	1	1	381	暗黒
2	2	1	381	暗黒
1	1	1	381	암흑
1	2	1	381	암흑
0	0	1	381	Dark
4	1	1	393	Water
4	2	1	393	water2
3	1	1	393	水
3	2	1	393	水
2	1	1	393	水
2	2	1	393	水
1	1	1	393	물
1	2	1	393	물
0	0	1	393	Water
4	2	1	400	explode1
3	2	1	400	2003爆發
2	2	1	400	2003爆発
1	2	1	400	2003폭발
0	0	1	400	2003 Explosion
4	1	1	403	Etc
4	2	1	403	misc3
3	1	1	403	其他的
3	2	1	403	其他
2	1	1	403	その他
2	2	1	403	その他
1	1	1	403	기타
1	2	1	403	기타
0	0	1	403	Other
4	1	1	412	Fire2
4	2	1	412	fire3
3	1	1	412	炎2
3	2	1	412	炎2
2	1	1	412	炎2
2	2	1	412	炎2
1	1	1	412	불2
1	2	1	412	화염2
0	0	1	412	Fire2
4	2	1	434	misc1
3	2	1	434	2003其他1
2	2	1	434	2003その他1
1	2	1	434	2003기타1
0	0	1	434	2003 Other1
4	2	1	445	water1
3	2	1	445	2003水
2	2	1	445	2003水
1	2	1	445	2003물
0	0	1	445	2003 Water
4	2	1	465	fire1
3	2	1	465	2003炎
2	2	1	465	2003炎
1	2	1	465	2003화염
0	0	1	465	2003 Fire
4	2	1	773	dark1
3	2	1	773	2003暗黑
2	2	1	773	2003暗黒
1	2	1	773	2003암흑
0	0	1	773	2003 Dark
4	2	2	194	woman3-2
3	2	2	194	女性3B
2	2	2	194	女性３b
1	2	2	194	여성３b
0	0	2	194	Woman3 B
4	2	2	196	ninja-m-2
3	2	2	196	忍者男B
2	2	2	196	忍者男b
1	2	2	196	닌자男b
0	0	2	196	Male Ninja B
4	2	2	200	chinese-f-2
3	2	2	200	中華女B
2	2	2	200	中華女b
1	2	2	200	중화女b
0	0	2	200	Chinese Woman B
4	2	2	203	ninja-f-2
3	2	2	203	忍者女B
2	2	2	203	忍者女b
1	2	2	203	닌자女b
0	0	2	203	Female Ninja B
4	2	2	208	priestess2
3	2	2	208	僧侶女B
2	2	2	208	僧侶女b
1	2	2	208	승려女b
0	0	2	208	Female Monk B
4	2	2	209	woman4-2
3	2	2	209	女性4B
2	2	2	209	女性４b
1	2	2	209	여성４b
0	0	2	209	Woman4 B
4	2	2	210	man4-2
3	2	2	210	男性4B
2	2	2	210	男性４b
1	2	2	210	남성４b
0	0	2	210	Man4 B
4	2	2	211	hero-f-2
3	2	2	211	勇者女B
2	2	2	211	勇者女b
1	2	2	211	용자女b
0	0	2	211	Female Hero B
4	2	2	212	woman2-2
3	2	2	212	女性2B
2	2	2	212	女性２b
1	2	2	212	여성２b
0	0	2	212	Woman2 B
4	2	2	214	thief-m-2
3	2	2	214	盜賊男B
2	2	2	214	盗賊男b
1	2	2	214	도적男b
0	0	2	214	Male Bandit B
4	2	2	215	elf-f-2
3	2	2	215	妖精女B
2	2	2	215	エルフ女b
1	2	2	215	엘프女 b
0	0	2	215	Female Elf B
4	2	2	217	woman5-2
3	2	2	217	女性5B
2	2	2	217	女性５b
1	2	2	217	여성５b
0	0	2	217	Woman5 B
4	2	2	219	woman1-2
3	2	2	219	女性1B
2	2	2	219	女性１b
1	2	2	219	여성１b
0	0	2	219	Woman1 B
4	2	2	220	samurai2
3	2	2	220	武士B
2	2	2	220	侍b
1	2	2	220	사무라이b
0	0	2	220	Samurai B
4	2	2	221	pirate-m-2
3	2	2	221	海賊男B
2	2	2	221	海賊男b
1	2	2	221	해적男b
0	0	2	221	Male Pirate B
4	2	2	222	priest2
3	2	2	222	僧侶男B
2	2	2	222	僧侶男b
1	2	2	222	승려男b
0	0	2	222	Male Monk B
4	2	2	223	pirate-f-2
3	2	2	223	海賊女B
2	2	2	223	海賊女b
1	2	2	223	해적女b
0	0	2	223	Female Pirate B
4	2	2	224	man5-2
3	2	2	224	男性5B
2	2	2	224	男性５b
1	2	2	224	남성５b
0	0	2	224	Man5 B
4	2	2	225	thief-f-2
3	2	2	225	盜賊女B
2	2	2	225	盗賊女b
1	2	2	225	도적女b
0	0	2	225	Female Bandit B
4	2	2	229	elf-m-2
3	2	2	229	妖精男B
2	2	2	229	エルフ男b
1	2	2	229	엘프男 b
0	0	2	229	Male Elf B
4	2	2	230	man1-2
3	2	2	230	男性1B
2	2	2	230	男性１b
1	2	2	230	남성１b
0	0	2	230	Man1 B
4	2	2	231	monk-f-2
3	2	2	231	格鬥家女B
2	2	2	231	格闘家女b
1	2	2	231	격투가女b
0	0	2	231	Female Fighter B
4	2	2	232	monk-m-2
3	2	2	232	格鬥家男B
2	2	2	232	格闘家男b
1	2	2	232	격투가男b
0	0	2	232	Male Fighter B
4	2	2	236	solider-m-2
3	2	2	236	戰士男B
2	2	2	236	戦士男b
1	2	2	236	전사男b
0	0	2	236	Male Warrior B
4	2	2	237	mage-f-2
3	2	2	237	魔術師女B
2	2	2	237	魔術師女b
1	2	2	237	마술사女b
0	0	2	237	Female Mage B
4	2	2	238	man3-2
3	2	2	238	男性3B
2	2	2	238	男性３b
1	2	2	238	남성３b
0	0	2	238	Man3 B
4	2	2	241	soldier-f-2
3	2	2	241	戰士女B
2	2	2	241	戦士女b
1	2	2	241	전사女b
0	0	2	241	Female Warrior B
4	2	2	245	man2-2
3	2	2	245	男性2B
2	2	2	245	男性２b
1	2	2	245	남성２b
0	0	2	245	Man2 B
4	2	2	246	chinese-m-2
3	2	2	246	中華男B
2	2	2	246	中華男b
1	2	2	246	중화男b
0	0	2	246	Chinese Man B
4	2	2	248	armor2
3	2	2	248	鎧甲武者B
2	2	2	248	鎧武者b
1	2	2	248	갑옷무사b
0	0	2	248	Armored Warror B
4	2	2	249	hero-m-2
3	2	2	249	勇者男B
2	2	2	249	勇者男b
1	2	2	249	용자男b
0	0	2	249	Male Hero B
4	2	2	255	mage-m-2
3	2	2	255	魔術師男B
2	2	2	255	魔術師男b
1	2	2	255	마술사男b
0	0	2	255	Male Mage B
4	2	2	304	chinese-f-1
3	2	2	304	中華女A
2	2	2	304	中華女a
1	2	2	304	중화女a
0	0	2	304	Chinese Woman A
4	2	2	305	ninja-m-1
3	2	2	305	忍者男A
2	2	2	305	忍者男a
1	2	2	305	닌자男a
0	0	2	305	Male Ninja A
4	2	2	308	woman3-1
3	2	2	308	女性3A
2	2	2	308	女性３a
1	2	2	308	여성３a
0	0	2	308	Woman3 A
4	2	2	309	ninja-f-1
3	2	2	309	忍者女A
2	2	2	309	忍者女a
1	2	2	309	닌자女a
0	0	2	309	Female Ninja A
4	2	2	312	thief-m-1
3	2	2	312	盜賊男A
2	2	2	312	盗賊男a
1	2	2	312	도적男a
0	0	2	312	Male Bandit A
4	2	2	314	pirate-f-1
3	2	2	314	海賊女A
2	2	2	314	海賊女a
1	2	2	314	해적女a
0	0	2	314	Female Pirate A
4	2	2	321	elf-f-1
3	2	2	321	妖精女A
2	2	2	321	エルフ女a
1	2	2	321	엘프女 a
0	0	2	321	Female Elf A
4	2	2	322	woman1-1
3	2	2	322	女性1A
2	2	2	322	女性１a
1	2	2	322	여성１a
0	0	2	322	Woman1 A
4	2	2	323	woman2-1
3	2	2	323	女性2A
2	2	2	323	女性２a
1	2	2	323	여성２a
0	0	2	323	Woman2 A
4	2	2	327	samurai1
3	2	2	327	武士A
2	2	2	327	侍a
1	2	2	327	사무라이a
0	0	2	327	Samurai A
4	2	2	330	man4-1
3	2	2	330	男性4A
2	2	2	330	男性４a
1	2	2	330	남성４a
0	0	2	330	Man4 A
4	2	2	332	elf-m-1
3	2	2	332	妖精男A
2	2	2	332	エルフ男a
1	2	2	332	엘프男 a
0	0	2	332	Male Elf A
4	2	2	333	man2-1
3	2	2	333	男性2A
2	2	2	333	男性２a
1	2	2	333	남성２a
0	0	2	333	Man2 A
4	2	2	334	woman4-1
3	2	2	334	女性4A
2	2	2	334	女性４a
1	2	2	334	여성４a
0	0	2	334	Woman4 A
4	2	2	335	thief-f-1
3	2	2	335	盜賊女A
2	2	2	335	盗賊女a
1	2	2	335	도적女a
0	0	2	335	Female Bandit A
4	2	2	339	monk-f-1
3	2	2	339	格鬥家女A
2	2	2	339	格闘家女a
1	2	2	339	격투가女a
0	0	2	339	Female Fighter A
4	2	2	340	man1-1
3	2	2	340	男性1A
2	2	2	340	男性１a
1	2	2	340	남성１a
0	0	2	340	Man1 A
4	2	2	341	hero-f-1
3	2	2	341	勇者女A
2	2	2	341	勇者女a
1	2	2	341	용자女a
0	0	2	341	Female Hero A
4	2	2	343	pirate-m-1
3	2	2	343	海賊男A
2	2	2	343	海賊男a
1	2	2	343	해적男a
0	0	2	343	Male Pirate A
4	2	2	344	man5-1
3	2	2	344	男性5A
2	2	2	344	男性５a
1	2	2	344	남성５a
0	0	2	344	Man5 A
4	2	2	345	chinese-m-1
3	2	2	345	中華男A
2	2	2	345	中華男a
1	2	2	345	중화男a
0	0	2	345	Chinese Man A
4	2	2	346	priestess1
3	2	2	346	僧侶女A
2	2	2	346	僧侶女a
1	2	2	346	승려女a
0	0	2	346	Female Monk A
4	2	2	347	priest1
3	2	2	347	僧侶男A
2	2	2	347	僧侶男a
1	2	2	347	승려男a
0	0	2	347	Male Monk A
4	2	2	348	woman5-1
3	2	2	348	女性5A
2	2	2	348	女性５a
1	2	2	348	여성５a
0	0	2	348	Woman5 A
4	2	2	350	man3-1
3	2	2	350	男性3A
2	2	2	350	男性３a
1	2	2	350	남성３a
0	0	2	350	Man3 A
4	2	2	352	monk-m-1
3	2	2	352	格鬥家男A
2	2	2	352	格闘家男a
1	2	2	352	격투가男a
0	0	2	352	Male Fighter A
4	2	2	356	soldier-f-1
3	2	2	356	戰士女A
2	2	2	356	戦士女a
1	2	2	356	전사女a
0	0	2	356	Female Warrior A
4	2	2	357	soldier-m-1
3	2	2	357	戰士男A
2	2	2	357	戦士男a
1	2	2	357	전사男a
0	0	2	357	Male Warrior A
4	2	2	360	mage-f-1
3	2	2	360	魔術師女A
2	2	2	360	魔術師女a
1	2	2	360	마술사女a
0	0	2	360	Female Mage A
4	2	2	363	armor1
3	2	2	363	鎧甲武者A
2	2	2	363	鎧武者a
1	2	2	363	갑옷무사a
0	0	2	363	Armored Warror A
4	2	2	373	mage-m-1
3	2	2	373	魔術師男A
2	2	2	373	魔術師男a
1	2	2	373	마술사男a
0	0	2	373	Male Mage A
4	2	2	383	hero-m-1
3	2	2	383	勇者男A
2	2	2	383	勇者男a
1	2	2	383	용자男a
0	0	2	383	Male Hero A
4	2	3	239	weapons
3	2	3	239	武器
2	2	3	239	武器
1	2	3	239	무기
0	0	3	239	Weapon
4	1	4	218	Object2
4	2	4	218	object2
3	1	4	218	物件2
3	2	4	218	物件2
2	1	4	218	オブジェクト2
2	2	4	218	オブジェクト2
1	1	4	218	오브젝트2
1	2	4	218	오브젝트2
0	0	4	218	Object2
4	1	4	247	Object1
4	2	4	247	object1
3	1	4	247	物件1
3	2	4	247	物件1
2	1	4	247	オブジェクト1
2	2	4	247	オブジェクト1
1	1	4	247	오브젝트1
1	2	4	247	오브젝트1
0	0	4	247	Object1
4	1	4	296	Animal
4	2	4	296	animal
3	1	4	296	動物
3	2	4	296	動物
2	1	4	296	動物
2	2	4	296	動物
1	1	4	296	동물
1	2	4	296	동물
0	0	4	296	Animal
4	1	4	384	People4
4	2	4	384	char4
3	1	4	384	一般4
3	2	4	384	一般4
2	1	4	384	一般4
2	2	4	384	一般4
1	1	4	384	일반4
1	2	4	384	일반4
0	0	4	384	People4
4	1	4	386	People5
4	2	4	386	char5
3	1	4	386	一般5
3	2	4	386	一般5
2	1	4	386	一般5
2	2	4	386	一般5
1	1	4	386	일반5
1	2	4	386	일반5
0	0	4	386	People5
4	1	4	387	People1
4	2	4	387	char1
3	1	4	387	一般1
3	2	4	387	一般1
2	1	4	387	一般1
2	2	4	387	一般1
1	1	4	387	일반1
1	2	4	387	일반1
0	0	4	387	People1
4	1	4	389	People7
4	2	4	389	char2
3	1	4	389	一般2
3	2	4	389	一般2
2	1	4	389	一般2
2	2	4	389	一般2
1	1	4	389	일반2
1	2	4	389	일반2
0	0	4	389	People2
4	1	4	395	Vehicle
4	2	4	395	vehicle
3	1	4	395	交通工具
3	2	4	395	交通工具
2	1	4	395	乗り物
2	2	4	395	乗り物
1	1	4	395	탈것
1	2	4	395	탈것
0	0	4	395	Vehicles
4	1	4	396	Monster1
4	2	4	396	monster1
3	1	4	396	怪物1
3	2	4	396	怪物1
2	1	4	396	モンスター1
2	2	4	396	モンスター1
1	1	4	396	몬스터1
1	2	4	396	몬스터1
0	0	4	396	Monster1
4	1	4	399	People3
4	2	4	399	char3
3	1	4	399	一般3
3	2	4	399	一般3
2	1	4	399	一般3
2	2	4	399	一般3
1	1	4	399	일반3
1	2	4	399	일반3
0	0	4	399	People3
4	1	4	404	Chara1
4	2	4	404	hero1
3	1	4	404	主角1
3	2	4	404	主角1
2	1	4	404	主人公1
2	2	4	404	主人公1
1	1	4	404	주인공1
1	2	4	404	주인공1
0	0	4	404	Actor1
4	1	4	405	Chara4
4	2	4	405	hero4
3	1	4	405	主角4
3	2	4	405	主角4
2	1	4	405	主人公4
2	2	4	405	主人公4
1	1	4	405	주인공4
1	2	4	405	주인공4
0	0	4	405	Actor4
4	1	4	406	Chara3
4	2	4	406	hero3
3	1	4	406	主角3
3	2	4	406	主角3
2	1	4	406	主人公3
2	2	4	406	主人公3
1	1	4	406	주인공3
1	2	4	406	주인공3
0	0	4	406	Actor3
4	1	4	409	Chara2
4	2	4	409	hero2
3	1	4	409	主角2
3	2	4	409	主角2
2	1	4	409	主人公2
2	2	4	409	主人公2
1	1	4	409	주인공2
1	2	4	409	주인공2
0	0	4	409	Actor2
4	1	4	439	Monster2
4	2	4	439	monster2
3	1	4	439	怪物2
3	2	4	439	怪物2
2	1	4	439	モンスター2
2	2	4	439	モンスター2
1	1	4	439	몬스터2
1	2	4	439	몬스터2
0	0	4	439	Monster2
4	1	5	545	Ship
4	2	5	545	ship
3	1	5	545	船
3	2	5	545	船
2	1	5	545	船
2	2	5	545	船
1	1	5	545	배
1	2	5	545	배
0	0	5	545	Ship
4	2	5	563	dungeon
3	2	5	563	迷宮
2	2	5	563	ダンジョン
1	2	5	563	던젼
0	0	5	563	Dungeon
4	1	5	566	Inner
3	1	5	566	內裝
2	1	5	566	内装
1	1	5	566	내장
0	0	5	566	Interior
4	1	5	571	Dungeon
3	1	5	571	迷宮
2	1	5	571	ダンジョン
1	1	5	571	지하감옥
0	0	5	571	Dungeon
4	1	5	576	Basis
3	1	5	576	基本
2	1	5	576	基本
1	1	5	576	기본
0	0	5	576	World
4	1	5	577	Outline
3	1	5	577	外觀
2	1	5	577	外観
1	1	5	577	외관
0	0	5	577	Exterior
4	2	5	579	main
3	2	5	579	基本
2	2	5	579	基本
1	2	5	579	기본
0	0	5	579	World
4	2	5	596	town
3	2	5	596	外部
2	2	5	596	外観
1	2	5	596	외견
0	0	5	596	Exterior
4	2	5	776	building
3	2	5	776	內部
2	2	5	776	内装
1	2	5	776	내부
0	0	5	776	Interior
4	1	6	498	Monsters
3	1	6	498	怪物
2	1	6	498	モンスター
1	1	6	498	몬스터
1	1	6	498	몬스터1
0	0	6	498	Monster
4	1	6	509	People2
3	1	6	509	一般2
2	1	6	509	一般2
1	1	6	509	일반2
0	0	6	509	People2
4	1	6	517	People1
3	1	6	517	一般1
2	1	6	517	一般1
1	1	6	517	일반1
0	0	6	517	People1
4	2	6	524	faces2
3	2	6	524	一般2
2	2	6	524	一般2
1	2	6	524	일반2
0	0	6	524	People2
4	1	6	526	Chara1
3	1	6	526	主角1
2	1	6	526	主人公1
1	1	6	526	주인공1
0	0	6	526	Actor1
4	2	6	528	hero1
3	2	6	528	主角1
2	2	6	528	主人公1
1	2	6	528	주인공1
0	0	6	528	Actor1
4	1	6	533	Chara2
3	1	6	533	主角2
2	1	6	533	主人公2
1	1	6	533	주인공2
0	0	6	533	Actor2
4	2	6	537	hero2
3	2	6	537	主角2
2	2	6	537	主人公2
1	2	6	537	주인공2
0	0	6	537	Actor2
4	2	6	543	faces1
3	2	6	543	一般1
2	2	6	543	一般1
1	2	6	543	일반1
0	0	6	543	People1
4	1	7	522	GameOver
4	2	7	522	gameover
3	1	7	522	遊戲結束
3	2	7	522	遊戲結束
2	1	7	522	ゲームオーバー
2	2	7	522	ゲームオーバー
1	1	7	522	Gameover
1	2	7	522	게임오버
0	0	7	522	Game Over
3	2	7	775	遊戲結束2
0	0	7	775	Game Over
4	2	8	16	bat
3	2	8	16	蝙蝠
2	2	8	16	バット
1	2	8	16	배트
0	0	8	16	Bat
4	2	8	22	spider
3	2	8	22	狼蛛
2	2	8	22	タランチュラ
1	2	8	22	타란튤라
0	0	8	22	Tarantula
4	2	8	24	slime
3	2	8	24	史萊姆
2	2	8	24	スライム
1	2	8	24	슬라임
0	0	8	24	Slime
4	2	8	25	remora
3	2	8	25	怪魚雷莫拉
2	2	8	25	レモラ
1	2	8	25	레모라
0	0	8	25	Remora
4	2	8	29	hornet
3	2	8	29	大黃蜂
2	2	8	29	ホーネット
1	2	8	29	호넷
0	0	8	29	Hornet
4	2	8	31	caitsith
3	2	8	31	貓靈
2	2	8	31	ケットシー
1	2	8	31	캐트시
0	0	8	31	Cait Sith
4	2	8	37	imp
3	2	8	37	小魔鬼
2	2	8	37	インプ
1	2	8	37	임프
0	0	8	37	Imp
4	2	8	38	grell
3	2	8	38	毛面蟲
2	2	8	38	グレル
1	2	8	38	구렐
0	0	8	38	Grell
4	2	8	39	spirit
3	2	8	39	靈魂
2	2	8	39	スピリッツ
1	2	8	39	스피릿츠
0	0	8	39	Spirit
4	2	8	41	deathgaze
3	2	8	41	看守者
2	2	8	41	ゲイザー
1	2	8	41	게이져
0	0	8	41	Gazer
4	2	8	43	shadow
3	2	8	43	幻影
2	2	8	43	シャドウ
1	2	8	43	셰도우
0	0	8	43	Shadow
4	2	8	44	jack
3	2	8	44	燈籠怪
2	2	8	44	ジャック・オー・ランタン
1	2	8	44	잭-오-랜턴
0	0	8	44	Jack-O-Lantern
4	2	8	46	wraith
3	2	8	46	死靈
2	2	8	46	レイス
1	2	8	46	레이스
0	0	8	46	Wraith
4	2	8	47	centipede
3	2	8	47	百腳蜈蚣
2	2	8	47	センチピード
1	2	8	47	센티피드
0	0	8	47	Centipede
4	2	8	57	parasite
3	2	8	57	寄生蟲
2	2	8	57	パラサイト
1	2	8	57	페러사이트
0	0	8	57	Parasite
4	2	8	58	carbuncle
3	2	8	58	紅寶石
2	2	8	58	カーバンクル
1	2	8	58	카방클
0	0	8	58	Carbuncle
4	2	8	61	skeleton
3	2	8	61	骷髏
2	2	8	61	スケルトン
1	2	8	61	스켈톤
0	0	8	61	Skeleton
4	2	8	62	snake
3	2	8	62	蛇
2	2	8	62	スネーク
1	2	8	62	스테이크
0	0	8	62	Snake
4	2	8	65	kappa
3	2	8	65	河童
2	2	8	65	カッパ
1	2	8	65	카트바
0	0	8	65	Kappa
4	2	8	66	mummy
3	2	8	66	木乃伊
2	2	8	66	ミイラ男
1	2	8	66	미이라 男
0	0	8	66	Mummy
4	2	8	67	fenrir
3	2	8	67	大天狼
2	2	8	67	フェンリル
1	2	8	67	펜릴
0	0	8	67	Fenrir
4	2	8	69	ghoul
3	2	8	69	食屍鬼
2	2	8	69	グール
1	2	8	69	구울
0	0	8	69	Ghoul
4	2	8	75	sylph
3	2	8	75	風之精靈－絲芙
2	2	8	75	シルフ
1	2	8	75	실프
0	0	8	75	Sylph
4	2	8	76	ghost
3	2	8	76	鬼魂
2	2	8	76	ゴースト
1	2	8	76	고스트
0	0	8	76	Ghost
4	2	8	77	mantis
3	2	8	77	螳螂怪
2	2	8	77	マンティス
1	2	8	77	만티스
0	0	8	77	Mantis
4	2	8	79	goblin
3	2	8	79	小妖精
2	2	8	79	ゴブリン
1	2	8	79	고블린
0	0	8	79	Goblin
4	2	8	80	mimic
3	2	8	80	變形怪
2	2	8	80	ミミック
1	2	8	80	미믹
0	0	8	80	Mimic
4	2	8	81	scorpion
3	2	8	81	天蠍
2	2	8	81	スコーピオン
1	2	8	81	스콜피온
0	0	8	81	Scorpion
4	2	8	85	kobold
3	2	8	85	地精
2	2	8	85	コボルト
1	2	8	85	코볼트
0	0	8	85	Kobold
4	2	8	86	salamander
3	2	8	86	火蜥蜴
2	2	8	86	サラマンダー
1	2	8	86	사라멘더
0	0	8	86	Salamander
4	2	8	87	toad
3	2	8	87	蟾蜍
2	2	8	87	トード
1	2	8	87	토드
0	0	8	87	Toad
4	2	8	88	gorgon
3	2	8	88	戈耳戈
2	2	8	88	ゴーゴン
1	2	8	88	고곤
0	0	8	88	Gorgon
4	2	8	89	shark
3	2	8	89	鯊魚
2	2	8	89	シャーク
1	2	8	89	샤크
0	0	8	89	Shark
4	2	8	91	zombie
3	2	8	91	殭屍
2	2	8	91	ゾンビ
1	2	8	91	좀비
0	0	8	91	Zombie
4	2	8	93	elf
3	2	8	93	妖精
2	2	8	93	エルフ
1	2	8	93	엘프
0	0	8	93	Elf
4	2	8	95	darkelf
3	2	8	95	黑暗妖精
2	2	8	95	ダークエルフ
1	2	8	95	다크 엘프
0	0	8	95	Dark Elf
4	2	8	97	specter
3	2	8	97	幽靈
2	2	8	97	スペクター
1	2	8	97	스펙터
0	0	8	97	Spectre
4	2	8	98	lizard
3	2	8	98	蜥蜴
2	2	8	98	リザード
1	2	8	98	리자드
0	0	8	98	Lizard
4	2	8	99	sorcerer
3	2	8	99	巫師
2	2	8	99	ソーサラー
1	2	8	99	소서러
0	0	8	99	Sorcerer
4	2	8	100	vampire
3	2	8	100	吸血鬼
2	2	8	100	ヴァンパイア
1	2	8	100	뱀파이어
0	0	8	100	Vampire
4	2	8	104	medusa
3	2	8	104	梅杜莎
2	2	8	104	メデューサ
1	2	8	104	메두사
0	0	8	104	Medusa
4	2	8	107	basilisk
3	2	8	107	蛇怪
2	2	8	107	バジリスク
1	2	8	107	바실리크스
0	0	8	107	Basilisk
4	2	8	108	alligator
3	2	8	108	短吻鱷
2	2	8	108	アリゲーター
1	2	8	108	엘리게이터
0	0	8	108	Alligator
4	2	8	109	octopus
3	2	8	109	八爪章魚
2	2	8	109	オクトパス
1	2	8	109	옥토퍼스
0	0	8	109	Octopus
4	2	8	110	werewolf
3	2	8	110	狼人
2	2	8	110	ワーウルフ
1	2	8	110	워울프
0	0	8	110	Werewolf
4	2	8	112	centaur
3	2	8	112	半人馬
2	2	8	112	ケンタウロス
1	2	8	112	켄타우르스
0	0	8	112	Centaur
4	2	8	114	lizardman
3	2	8	114	蜥蜴人
2	2	8	114	リザードマン
1	2	8	114	리자드맨
0	0	8	114	Lizardman
4	2	8	115	cancer
3	2	8	115	巨蟹
2	2	8	115	クラブ
1	2	8	115	크랩
0	0	8	115	Crab
4	2	8	117	harpy
3	2	8	117	鳥人哈比
2	2	8	117	ハーピー
1	2	8	117	하피
0	0	8	117	Harpy
4	2	8	122	griffon
3	2	8	122	葛里芬
2	2	8	122	グリフォン
1	2	8	122	그리폰
0	0	8	122	Griffon
4	2	8	123	worm
3	2	8	123	蟲
2	2	8	123	ワーム
1	2	8	123	웜
0	0	8	123	Worm
4	2	8	127	orc
3	2	8	127	獸人戰士
2	2	8	127	オーク
1	2	8	127	오크
0	0	8	127	Orc
4	2	8	131	gargoyle
3	2	8	131	石像獸
2	2	8	131	ガーゴイル
1	2	8	131	가고일
0	0	8	131	Gargoyle
4	2	8	134	wight
3	2	8	134	屍妖
2	2	8	134	ワイト
1	2	8	134	와이트
0	0	8	134	Wight
4	2	8	135	nepenthe
3	2	8	135	豬籠草怪
2	2	8	135	ネペンテス
1	2	8	135	네벤테스
0	0	8	135	Nepenthes
4	2	8	136	cojurer
3	2	8	136	卡美拉
2	2	8	136	カーミラ
1	2	8	136	카미라
0	0	8	136	Carmilla
4	2	8	137	crawler
3	2	8	137	爬蟲
2	2	8	137	クロウラー
1	2	8	137	쿠로우라
0	0	8	137	Crawler
4	2	8	144	necromancer
3	2	8	144	死靈法師
2	2	8	144	ネクロマンサー
1	2	8	144	네크로맨서
0	0	8	144	Necromancer
4	2	8	146	cockatrice
3	2	8	146	雞蛇獸
2	2	8	146	コカトリス
1	2	8	146	코카트리스
0	0	8	146	Cockatorice
4	2	8	147	lamia
3	2	8	147	拉米亞
2	2	8	147	ラミア
1	2	8	147	라미아
0	0	8	147	Lamia
4	2	8	148	nightmare
3	2	8	148	馬
2	2	8	148	馬
1	2	8	148	말
0	0	8	148	Horse
4	2	8	150	unicorn
3	2	8	150	獨角獸
2	2	8	150	ユニコーン
1	2	8	150	유니콘
0	0	8	150	Unicorn
4	2	8	153	bigfoot
3	2	8	153	大腳怪
2	2	8	153	ビッグフット
1	2	8	153	빅풋
0	0	8	153	Big Foot
4	2	8	154	ariman
3	2	8	154	阿利曼
2	2	8	154	アーリマン
1	2	8	154	아리맨
0	0	8	154	Ahriman
4	2	8	155	sahagin
3	2	8	155	半魚人撒哈奇
2	2	8	155	サハギン
1	2	8	155	사하킨
0	0	8	155	Sahagin
4	2	8	156	demon
3	2	8	156	惡魔
2	2	8	156	デーモン
1	2	8	156	데몬
0	0	8	156	Demon
4	2	8	159	catoblepas
3	2	8	159	卡托布里帕斯
2	2	8	159	カトブレパス
1	2	8	159	카토부레바트
0	0	8	159	Catoblepas
4	2	8	160	ogre
3	2	8	160	食人魔
2	2	8	160	オーガ
1	2	8	160	오거
0	0	8	160	Ogre
4	2	8	162	ki-rin
3	2	8	162	麒麟
2	2	8	162	麒麟
1	2	8	162	기린
0	0	8	162	Kirin
4	2	8	163	darkknight
3	2	8	163	暗黑騎士
2	2	8	163	ダークナイト
1	2	8	163	다크 나이트
0	0	8	163	Dark Knight
4	2	8	171	siren
3	2	8	171	賽倫女妖
2	2	8	171	セイレーン
1	2	8	171	세이렌
0	0	8	171	Siren
4	2	8	174	minotaur
3	2	8	174	邁諾陶
2	2	8	174	ミノタウロス
1	2	8	174	미노타우르스
0	0	8	174	Minotaur
4	2	8	176	treant
3	2	8	176	樹精
2	2	8	176	トレント
1	2	8	176	트렌트
0	0	8	176	Treant
4	2	8	177	scylla
3	2	8	177	斯庫拉
2	2	8	177	スキュラ
1	2	8	177	스쿨라
0	0	8	177	Scylla
4	2	8	178	dragonknight
3	2	8	178	龍騎士
2	2	8	178	ドラゴンナイト
1	2	8	178	드래곤 나이트
0	0	8	178	Dragon Knight
4	2	8	179	anaconda
3	2	8	179	巨蟒
2	2	8	179	アナコンダ
1	2	8	179	아나콘다
0	0	8	179	Anaconda
4	2	8	182	berserker
3	2	8	182	狂暴戰士
2	2	8	182	バーサーカー
1	2	8	182	버저커
0	0	8	182	Berserker
4	2	8	183	sphinx
3	2	8	183	斯芬克司
2	2	8	183	スフィンクス
1	2	8	183	스핑크스
0	0	8	183	Sphinx
4	2	8	192	phoenix
3	2	8	192	鳳凰鳥
2	2	8	192	フェニックス
1	2	8	192	피닉스
0	0	8	192	Phoenix
4	2	8	199	seraph
3	2	8	199	撒拉弗
2	2	8	199	セラフィム
1	2	8	199	세라핌
0	0	8	199	Seraphim
4	2	8	207	manticore
3	2	8	207	蒙特寇爾
2	2	8	207	マンティコア
1	2	8	207	만티코어
0	0	8	207	Manticore
4	2	8	216	chimera
3	2	8	216	吐火獸
2	2	8	216	キメラ
1	2	8	216	키메라
0	0	8	216	Chimera
4	2	8	227	odin
3	2	8	227	奧丁
2	2	8	227	オーディン
1	2	8	227	오딘
0	0	8	227	Odin
4	2	8	244	u-knight
3	2	8	244	不死騎士
2	2	8	244	アンデッドナイト
1	2	8	244	언데드 나이트
0	0	8	244	Undead Knight
4	2	8	251	leviathan
3	2	8	251	大海獸
2	2	8	251	リヴァイアサン
1	2	8	251	리바이어던
0	0	8	251	Leviathan
4	2	8	262	wyvern
3	2	8	262	飛龍
2	2	8	262	ワイバーン
1	2	8	262	와이번
0	0	8	262	Wyvern
4	2	8	268	whitetiger
3	2	8	268	白虎
2	2	8	268	白虎
1	2	8	268	백호
0	0	8	268	Byakko
4	2	8	269	troll
3	2	8	269	山怪
2	2	8	269	トロール
1	2	8	269	트롤
0	0	8	269	Troll
4	2	8	279	titan
3	2	8	279	泰坦巨人
2	2	8	279	タイタン
1	2	8	279	타이탄
0	0	8	279	Titan
4	2	8	290	cerberus
3	2	8	290	地獄犬
2	2	8	290	ケルベロス
1	2	8	290	켈베로스
0	0	8	290	Cerberus
4	2	8	291	redsparrow
3	2	8	291	朱雀
2	2	8	291	朱雀
1	2	8	291	주작
0	0	8	291	Suzaku
4	2	8	297	bluedragon
3	2	8	298	青龍
2	2	8	298	青龍
1	2	8	298	청룡
0	0	8	298	Ryuu
4	2	8	299	blackturtle
3	2	8	299	玄武
2	2	8	299	玄武
1	2	8	299	현무
0	0	8	299	Genbu
4	2	8	306	cyclops
3	2	8	306	獨眼巨人
2	2	8	306	サイクロプス
1	2	8	306	사이클롭스
0	0	8	306	Cyclops
4	2	8	310	oroboros
3	2	8	310	吞尾蛇
2	2	8	310	ウロボロス
1	2	8	310	우로보로스
0	0	8	310	Ouroboros
4	2	8	311	rakashimi
3	2	8	311	吉祥天
2	2	8	311	ラクシュミ
1	2	8	311	라쿠슈미
0	0	8	311	Lakshmi
4	2	8	316	efreet
3	2	8	316	伊弗利特
2	2	8	316	イフリート
1	2	8	316	이프리트
0	0	8	316	Ifreet
4	2	8	317	asura
3	2	8	317	阿蘇拉
2	2	8	317	アスラ
1	2	8	317	아수라
0	0	8	317	Asura
4	2	8	319	quezal
3	2	8	319	羽蛇神
2	2	8	319	ケツアルクアトル
1	2	8	319	케이시아르크 아토르
0	0	8	319	Quetzalcoatl
4	2	8	337	garuda
3	2	8	337	揭路荼
2	2	8	337	ガルーダ
1	2	8	337	가루다
0	0	8	337	Garuda
4	2	8	349	golem
3	2	8	349	高崙
2	2	8	349	ゴーレム
1	2	8	349	골렘
0	0	8	349	Golem
4	2	8	355	lillith
3	2	8	355	莉莉斯
2	2	8	355	リリス
1	2	8	355	리리스
0	0	8	355	Lilith
4	2	8	359	hydra
3	2	8	359	九頭蛇
2	2	8	359	ヒュドラ
1	2	8	359	히드라
0	0	8	359	Hydra
4	2	8	362	midgard-serp
3	2	8	362	米嘉巨蟒
2	2	8	362	ミドガルズオルム
1	2	8	362	미드갈즈 오르무
0	0	8	362	Midgardsormr
4	2	8	368	ninetail
3	2	8	368	九尾狐狸
2	2	8	368	九尾の狐
1	2	8	368	구미호
0	0	8	368	Kyuubi
4	2	8	370	mammoth
3	2	8	370	長毛象
2	2	8	370	マンモス
1	2	8	370	맘모스
0	0	8	370	Mammoth
4	2	8	372	behemoth
3	2	8	372	巨獸
2	2	8	372	ベヒーモス
1	2	8	372	배히모스
0	0	8	372	Behemoth
4	2	8	376	dragon
3	2	8	376	龍
2	2	8	376	ドラゴン
1	2	8	376	드래곤
0	0	8	376	Dragon
4	2	8	377	lich
3	2	8	377	妖巫
2	2	8	377	リッチ
1	2	8	377	리치
0	0	8	377	Lich
4	2	8	378	kraken
3	2	8	378	克拉坎
2	2	8	378	クラーケン
1	2	8	378	크라켄
0	0	8	378	Kraken
4	2	8	380	giant
3	2	8	380	巨人
2	2	8	380	ジャイアント
1	2	8	380	자이언트
0	0	8	380	Giant
4	2	8	410	tiamat
3	2	8	410	塔亞瑪特邪龍
2	2	8	410	ティアマット
1	2	8	410	데어 매트
0	0	8	410	Tiamat
4	2	8	417	bahamut
3	2	8	417	巴哈姆特
2	2	8	417	バハムート
1	2	8	417	바하무트
0	0	8	417	Bahamut
4	2	8	427	satan
3	2	8	427	撒旦尼爾
2	2	8	427	サタナエル
1	2	8	427	사타나엘
0	0	8	427	Satan
4	2	8	800	oni
3	2	8	800	惡鬼
2	2	8	800	鬼
1	2	8	800	도깨비(鬼)
0	0	8	800	Oni
4	2	9	0	horns
3	2	9	0	J2003號角
2	2	9	0	J2003ホルン
1	2	9	0	J2003호른
0	0	9	0	J2003Horn
4	1	9	1	Doubt
4	2	9	1	surprise
3	1	9	1	疑惑
3	2	9	1	J疑惑
2	1	9	1	J疑惑
2	2	9	1	J疑惑
1	1	9	1	J의혹
1	2	9	1	J의혹
0	0	9	1	JDoubt
4	1	9	3	Inn2
4	2	9	3	inn2
3	1	9	3	宿2
3	2	9	3	J住宿2
2	1	9	3	J宿2
2	2	9	3	J宿2
1	1	9	3	J집2
1	2	9	3	J숙소2
0	0	9	3	JInn 2
4	1	9	4	Gag1
4	2	9	4	mischief1
3	1	9	4	口銜1
3	2	9	4	J鬧劇1
2	1	9	4	Jギャグ1
2	2	9	4	Jギャグ1
1	1	9	4	J개그1
1	2	9	4	J개그1
0	0	9	4	JJoke 1
4	1	9	5	Item
4	2	9	5	item
3	1	9	5	物品
3	2	9	5	J物品
2	1	9	5	Jアイテム
2	2	9	5	Jアイテム
1	1	9	5	J아이템
1	2	9	5	J아이템
0	0	9	5	JItem
4	1	9	6	Gag2
4	2	9	6	mischief2
3	1	9	6	口銜2
3	2	9	6	J鬧劇2
2	1	9	6	Jギャグ2
2	2	9	6	Jギャグ2
1	1	9	6	J개그2
1	2	9	6	J개그2
0	0	9	6	JJoke 2
4	1	9	7	Riddle
4	2	9	7	riddle
3	1	9	7	謎
3	2	9	7	J謎
2	1	9	7	J謎
2	2	9	7	J謎
1	1	9	7	J수수께끼
1	2	9	7	J수수께기
0	0	9	7	JMystery
4	1	9	8	BattleEnd1
4	2	9	8	victory1
3	1	9	8	戰鬥結束1
3	2	9	8	J戰鬥結束1
2	1	9	8	J戦闘終了1
2	2	9	8	J戦闘終了1
1	1	9	8	J전투종료1
1	2	9	8	J전투종료1
0	0	9	8	JEnd of Battle 1
4	1	9	9	Fanfare1
4	2	9	9	fanfare1
3	1	9	9	軍樂1
3	2	9	9	J吹奏樂1
2	1	9	9	Jファンファーレ1
2	2	9	9	Jファンファーレ1
1	1	9	9	J팡파르1
1	2	9	9	J팡파르1
0	0	9	9	JFanfare 1
4	1	9	10	BattleEnd3
4	2	9	10	victory3
3	1	9	10	戰鬥結束3
3	2	9	10	J戰鬥結束3
2	1	9	10	J戦闘終了3
2	2	9	10	J戦闘終了3
1	1	9	10	J전투종료3
1	2	9	10	J전투종료3
0	0	9	10	JEnd of Battle 3
4	1	9	15	BattleEnd2
4	2	9	15	victory2
3	1	9	15	戰鬥結束2
3	2	9	15	J戰鬥結束2
2	1	9	15	J戦闘終了2
2	2	9	15	J戦闘終了2
1	1	9	15	J전투종료2
1	2	9	15	J전투종료2
0	0	9	15	JEnd of Battle 2
4	1	9	18	Inn1
4	2	9	18	inn1
3	1	9	18	宿1
3	2	9	18	J住宿1
2	1	9	18	J宿1
2	2	9	18	J宿1
1	1	9	18	J집1
1	2	9	18	J숙소1
0	0	9	18	JInn 1
4	1	9	21	Fanfare5
4	2	9	21	fanfare5
3	1	9	21	軍樂5
3	2	9	21	J吹奏樂5
2	1	9	21	Jファンファーレ5
2	2	9	21	Jファンファーレ5
1	1	9	21	J팡파르5
1	2	9	21	J팡파르5
0	0	9	21	JFanfare 5
4	1	9	30	BattleEnd4
4	2	9	30	victory4
3	1	9	30	戰鬥結束4
3	2	9	30	J戰鬥結束4
2	1	9	30	J戦闘終了4
2	2	9	30	J戦闘終了4
1	1	9	30	J전투종료4
1	2	9	30	J전투종료4
0	0	9	30	JEnd of Battle 4
4	1	9	45	Fanfare2
4	2	9	45	fanfare2
3	1	9	45	軍樂2
3	2	9	45	J吹奏樂2
2	1	9	45	Jファンファーレ2
2	2	9	45	Jファンファーレ2
1	1	9	45	J팡파르2
1	2	9	45	J팡파르2
0	0	9	45	JFanfare 2
4	2	9	50	memories
3	2	9	50	2003年少記憶
2	2	9	50	2003幼少の記憶
1	2	9	50	2003유소의 기억
0	0	9	50	2003Young Memories
4	1	9	51	Fanfare4
4	2	9	51	fanfare4
3	1	9	51	軍樂4
3	2	9	51	J吹奏樂4
2	1	9	51	Jファンファーレ4
2	2	9	51	Jファンファーレ4
1	1	9	51	J팡파르4
1	2	9	51	J팡파르4
0	0	9	51	JFanfare 4
4	1	9	53	Fanfare6
4	2	9	53	fanfare6
3	1	9	53	軍樂6
3	2	9	53	J吹奏樂6
2	1	9	53	Jファンファーレ6
2	2	9	53	Jファンファーレ6
1	1	9	53	J팡파르6
1	2	9	53	J팡파르6
0	0	9	53	JFanfare 6
4	1	9	96	Fanfare3
4	2	9	96	fanfare3
3	1	9	96	軍樂3
3	2	9	96	J吹奏樂3
2	1	9	96	Jファンファーレ3
2	2	9	96	Jファンファーレ3
1	1	9	96	J팡파르3
1	2	9	96	J팡파르3
0	0	9	96	JFanfare 3
4	2	9	120	church1
3	2	9	120	2003教會
2	2	9	120	2003教会
1	2	9	120	2003교회
0	0	9	120	2003Church
4	1	9	145	Search
4	2	9	145	explore
3	1	9	145	探索
3	2	9	145	探索
2	1	9	145	探索
2	2	9	145	探索
1	1	9	145	탐색
1	2	9	145	탐색
0	0	9	145	Exploration
4	1	9	158	GostTown2
4	2	9	158	ghost-town2
3	1	9	158	鬼鎮2
3	2	9	158	鬼城2
2	1	9	158	ゴーストタウン2
2	2	9	158	ゴーストタウン2
1	1	9	158	고스트타운2
1	2	9	158	고스트 타운2
0	0	9	158	Ghost Town 2
4	1	9	172	GameOver2
4	2	9	172	gameover2
3	1	9	172	遊戲結束2
3	2	9	172	遊戲結束2
2	1	9	172	ゲームオーバー2
2	2	9	172	ゲームオーバー2
1	1	9	172	게임오버2
1	2	9	172	게임오버2
0	0	9	172	Game Over 2
4	1	9	175	Farewell1
4	2	9	175	parting1
3	1	9	175	分別1
3	2	9	175	別離1
2	1	9	175	別れ1
2	2	9	175	別れ1
1	1	9	175	이별1
1	2	9	175	이별1
0	0	9	175	Parting 1
4	2	9	186	snowtown
3	2	9	186	2003下雪的城鎮
2	2	9	186	2003スノータウン
1	2	9	186	2003스노우 타운
0	0	9	186	2003Snow Town
4	1	9	191	Treasure
4	2	9	191	treasure
3	1	9	191	秘寶
3	2	9	191	神秘寶藏
2	1	9	191	秘宝
2	2	9	191	秘宝
1	1	9	191	비보
1	2	9	191	바보
0	0	9	191	Secret Treasure
4	1	9	193	Thief
4	2	9	193	thief
3	1	9	193	小偷
3	2	9	193	泥棒
2	1	9	193	泥棒
2	2	9	193	泥棒
1	1	9	193	도둑
1	2	9	193	도둑
0	0	9	193	Thief
4	2	9	197	moonlight
3	2	9	197	2003夢幻心境
2	2	9	197	2003夢見心地
1	2	9	197	2003꿈을 꾸는 기분
0	0	9	197	2003Dreaminess
4	2	9	202	hallowed-halls
3	2	9	202	2003大聖堂
2	2	9	202	2003大聖堂
1	2	9	202	2003대성당
0	0	9	202	2003Cathedral
4	1	9	205	Dungeon1
4	2	9	205	dungeon1
3	1	9	205	迷宮1
3	2	9	205	迷宮1
2	1	9	205	ダンジョン1
2	2	9	205	ダンジョン1
1	1	9	205	지하감옥1
1	2	9	205	지하감옥1
0	0	9	205	Dungeon 1
4	1	9	228	Tower2
4	2	9	228	tower2
3	1	9	228	塔2
3	2	9	228	塔2
2	1	9	228	塔2
2	2	9	228	塔2
1	1	9	228	탑2
1	2	9	228	탑2
0	0	9	228	Tower 2
4	1	9	234	Church
4	2	9	234	church2
3	1	9	234	教會
3	2	9	234	教會
2	1	9	234	教会
2	2	9	234	教会
1	1	9	234	교회
1	2	9	234	교회
0	0	9	234	Church
4	2	9	253	panic
3	2	9	253	2003恐慌
2	2	9	253	2003パニック
1	2	9	253	2003패닉
0	0	9	253	2003Panic
4	1	9	261	Fairy2
4	2	9	261	fairy2
3	1	9	261	妖精2
3	2	9	261	妖精2
2	1	9	261	妖精2
2	2	9	261	妖精2
1	1	9	261	요정2
1	2	9	261	요정2
0	0	9	261	Fairy 2
4	2	9	264	forest
3	2	9	264	2003夢幻之森
2	2	9	264	2003夢幻の森
1	2	9	264	2003몽환의 숲
0	0	9	264	2003Dream Forest
4	1	9	267	GameOver3
4	2	9	267	gameover3
3	1	9	267	遊戲結束3
3	2	9	267	遊戲結束3
2	1	9	267	ゲームオーバー3
2	2	9	267	ゲームオーバー3
1	1	9	267	게임오버3
1	2	9	267	게임오버3
0	0	9	267	Game Over 3
4	1	9	270	GameOver1
4	2	9	270	gameover1
3	1	9	270	遊戲結束1
3	2	9	270	遊戲結束1
2	1	9	270	ゲームオーバー1
2	2	9	270	ゲームオーバー1
1	1	9	270	게임오버1
1	2	9	270	게임오버1
0	0	9	270	Game Over 1
4	1	9	272	Castle2
4	2	9	272	castle2
3	1	9	272	城2
3	2	9	272	城2
2	1	9	272	城2
2	2	9	272	城2
1	1	9	272	성2
1	2	9	272	성2
0	0	9	272	Castle 2
4	1	9	275	Peace2
4	2	9	275	solace2
3	1	9	275	平靜2
3	2	9	275	安樂2
2	1	9	275	安らぎ2
2	2	9	275	安らぎ2
1	1	9	275	편안함2
1	2	9	275	편안해짐2
0	0	9	275	Repose 2
4	2	9	277	jackpot
3	2	9	277	2003一獲千金之夢
2	2	9	277	2003一獲千金の夢
1	2	9	277	2003일획천금의 꿈
0	0	9	277	2003Dream of Striking It Rich
4	1	9	280	Castle1
4	2	9	280	castle1
3	1	9	280	城1
3	2	9	280	城1
2	1	9	280	城1
2	2	9	280	城1
1	1	9	280	성1
1	2	9	280	성1
0	0	9	280	Castle 1
4	1	9	284	Shop3
4	2	9	284	shop3
3	1	9	284	店3
3	2	9	284	店3
2	1	9	284	店3
2	2	9	284	店3
1	1	9	284	상점3
1	2	9	284	점3
0	0	9	284	Shop 3
4	1	9	285	GostTown1
4	2	9	285	ghost-town1
3	1	9	285	鬼鎮1
3	2	9	285	鬼城1
2	1	9	285	ゴーストタウン1
2	2	9	285	ゴーストタウン1
1	1	9	285	고스트타운1
1	2	9	285	고스트 타운1
0	0	9	285	Ghost Town 1
4	2	9	286	memories2
3	2	9	286	2003記憶中的彼方
2	2	9	286	2003記憶の彼方に
1	2	9	286	2003기억의 저쪽에
0	0	9	286	2003Deep Memory
4	2	9	289	march
3	2	9	289	2003小軍隊進行曲
2	2	9	289	2003小さな兵隊のマーチ
1	2	9	289	2003작은 군대의 행진곡
0	0	9	289	2003Little Army's March
4	2	9	294	evil-temple
3	2	9	294	2003暗黑祭壇
2	2	9	294	2003暗黒の祭壇
1	2	9	294	2003암흑의 제단
0	0	9	294	2003DarkAltar
4	1	9	301	Farewell2
4	2	9	301	parting2
3	1	9	301	分別2
3	2	9	301	別離2
2	1	9	301	別れ2
2	2	9	301	別れ2
1	1	9	301	이별2
1	2	9	301	이별2
0	0	9	301	Parting 2
4	1	9	302	Tower1
4	2	9	302	tower1
3	1	9	302	塔1
3	2	9	302	塔1
2	1	9	302	塔1
2	2	9	302	塔1
1	1	9	302	탑1
1	2	9	302	탑1
0	0	9	302	Tower 1
4	1	9	324	Village1
4	2	9	324	village1
3	1	9	324	村1
3	2	9	324	村1
2	1	9	324	村1
2	2	9	324	村1
1	1	9	324	마을1
1	2	9	324	촌1
0	0	9	324	Village 1
4	1	9	329	Mystery3
4	2	9	329	mystery3
3	1	9	329	神秘3
3	2	9	329	神秘3
2	1	9	329	神秘3
2	2	9	329	神秘3
1	1	9	329	신비3
1	2	9	329	신비3
0	0	9	329	Mystery 3
4	2	9	338	mtn-village
3	2	9	338	2003山中部落
2	2	9	338	2003山あいの村
1	2	9	338	2003산골짜기 마을
0	0	9	338	2003Village in the Valley
4	1	9	351	Village3
4	2	9	351	village3
3	1	9	351	村3
3	2	9	351	村3
2	1	9	351	村3
2	2	9	351	村3
1	1	9	351	마을3
1	2	9	351	촌3
0	0	9	351	Village 3
4	1	9	354	Animal
4	2	9	354	animal
3	1	9	354	動物
3	2	9	354	動物
2	1	9	354	動物
2	2	9	354	動物
1	1	9	354	동물
1	2	9	354	동물
0	0	9	354	Animal
4	1	9	365	Peace3
4	2	9	365	solace3
3	1	9	365	平靜3
3	2	9	365	安樂3
2	1	9	365	安らぎ3
2	2	9	365	安らぎ3
1	1	9	365	편안함3
1	2	9	365	편안해짐3
0	0	9	365	Repose 3
4	1	9	366	Boss2
4	2	9	366	boss2
3	1	9	366	頭目2
3	2	9	366	BOSS2
2	1	9	366	ボス2
2	2	9	366	ボス2
1	1	9	366	보스2
1	2	9	366	보스2
0	0	9	366	Boss 2
4	1	9	367	Lose
4	2	9	367	defeat
3	1	9	367	敗北
3	2	9	367	敗北
2	1	9	367	敗北
2	2	9	367	敗北
1	1	9	367	패배
1	2	9	367	패배
0	0	9	367	Defeat
4	1	9	369	Mystery2
4	2	9	369	mystery2
3	1	9	369	神秘2
3	2	9	369	神秘2
2	1	9	369	神秘2
2	2	9	369	神秘2
1	1	9	369	신비2
1	2	9	369	신비2
0	0	9	369	Mystery 2
4	1	9	371	Hero2
4	2	9	371	hero2
3	1	9	371	勇者2
3	2	9	371	勇者2
2	1	9	371	勇者2
2	2	9	371	勇者2
1	1	9	371	용사2
1	2	9	371	용사2
0	0	9	371	Hero 2
4	1	9	375	Ship3
4	2	9	375	boat3
3	1	9	375	船3
3	2	9	375	船3
2	1	9	375	船3
2	2	9	375	船3
1	1	9	375	배3
1	2	9	375	배3
0	0	9	375	Ship 3
4	1	9	382	Castle3
4	2	9	382	castle3
3	1	9	382	城3
3	2	9	382	城3
2	1	9	382	城3
2	2	9	382	城3
1	1	9	382	성3
1	2	9	382	성3
0	0	9	382	Castle 3
4	2	9	385	haunted
3	2	9	385	2003無人別館
2	2	9	385	2003無人の館
1	2	9	385	2003무인 저택
0	0	9	385	2003Deserted Mansion
4	1	9	391	Village2
4	2	9	391	village2
3	1	9	391	村2
3	2	9	391	村2
2	1	9	391	村2
2	2	9	391	村2
1	1	9	391	마을2
1	2	9	391	촌2
0	0	9	391	Village 2
4	2	9	392	ancient-castle
3	2	9	392	2003古城
2	2	9	392	2003古城
1	2	9	392	2003고성
0	0	9	392	2003Ancient City
4	1	9	397	Town3
4	2	9	397	town3
3	1	9	397	鎮3
3	2	9	397	街3
2	1	9	397	町3
2	2	9	397	町3
1	1	9	397	도시3
1	2	9	397	밭두둑3
0	0	9	397	Town 3
4	2	9	402	spring
3	2	9	402	2003治癒之泉
2	2	9	402	2003いやしの泉
1	2	9	402	2003회복의 샘
0	0	9	402	2003Healing Spring
4	2	9	407	eternal
3	2	9	407	2003悠久時光的流轉
2	2	9	407	2003悠久の時の流れに
1	2	9	407	2003유구의 흐름
0	0	9	407	2003In the Eternal Flow of Time
4	2	9	411	showdown
3	2	9	411	2003決戰之地
2	2	9	411	2003決戦の地
1	2	9	411	2003결전의 땅
0	0	9	411	2003Final Battleground
4	2	9	413	armyclash
3	2	9	413	2003大混戰
2	2	9	413	2003大混戦
1	2	9	413	2003대혼전
0	0	9	413	2003Free For All
4	1	9	416	Get
4	2	9	416	success
3	1	9	416	勝利
3	2	9	416	勝利
2	1	9	416	勝利
2	2	9	416	勝利
1	1	9	416	승리
1	2	9	416	승리
0	0	9	416	Victory
4	1	9	420	Shop2
4	2	9	420	shop2
3	1	9	420	店2
3	2	9	420	店2
2	1	9	420	店2
2	2	9	420	店2
1	1	9	420	상점2
1	2	9	420	점2
0	0	9	420	Shop 2
4	1	9	421	Dungeon3
4	2	9	421	dungeon3
3	1	9	421	迷宮3
3	2	9	421	迷宮3
2	1	9	421	ダンジョン3
2	2	9	421	ダンジョン3
1	1	9	421	지하감옥3
1	2	9	421	지하감옥3
0	0	9	421	Dungeon 3
4	1	9	425	Peace1
4	2	9	425	solace1
3	1	9	425	平靜1
3	2	9	425	安樂1
2	1	9	425	安らぎ1
2	2	9	425	安らぎ1
1	1	9	425	편안함1
1	2	9	425	편안해짐1
0	0	9	425	Repose 1
4	1	9	426	Dark
4	2	9	426	eviltown
3	1	9	426	闇市
3	2	9	426	黑市
2	1	9	426	闇市
2	2	9	426	闇市
1	1	9	426	암시장
1	2	9	426	암시장
0	0	9	426	Black Market
4	1	9	428	Sad
4	2	9	428	sad
3	1	9	428	悲傷
3	2	9	428	悲傷
2	1	9	428	悲しみ
2	2	9	428	悲しみ
1	1	9	428	슬퍼하고
1	2	9	428	슬퍼하다
0	0	9	428	Sorrow
4	1	9	432	Fairy1
4	2	9	432	fairy1
3	1	9	432	妖精1
3	2	9	432	妖精1
2	1	9	432	妖精1
2	2	9	432	妖精1
1	1	9	432	요정1
1	2	9	432	요정1
0	0	9	432	Fairy 1
4	1	9	435	Crisis
4	2	9	435	tightspot
3	1	9	435	危機
3	2	9	435	危機
2	1	9	435	ピンチ
2	2	9	435	ピンチ
1	1	9	435	핀치
1	2	9	435	핀치
0	0	9	435	In a Pinch
4	2	9	436	mecha-base
3	2	9	436	2003機械要塞
2	2	9	436	2003機械要塞
1	2	9	436	2003기계 요새
0	0	9	436	2003Machine Fortress
4	1	9	438	Shop1
4	2	9	438	shop1
3	1	9	438	店1
3	2	9	438	店1
2	1	9	438	店1
2	2	9	438	店1
1	1	9	438	상점1
1	2	9	438	점1
0	0	9	438	Shop 1
4	2	9	441	calm
3	2	9	441	2003靜寂
2	2	9	441	2003静寂
1	2	9	441	2003정적
0	0	9	441	2003Silence
4	2	9	443	foreboding
3	2	9	443	2003悄然黑夜
2	2	9	443	2003忍び寄る闇
1	2	9	443	2003살며시 다가옴
0	0	9	443	2003Creeping Darkness
4	1	9	444	Tower3
4	2	9	444	tower3
3	1	9	444	塔3
3	2	9	444	塔3
2	1	9	444	塔3
2	2	9	444	塔3
1	1	9	444	탑3
1	2	9	444	탑3
0	0	9	444	Tower 3
4	2	9	449	royal-ball
3	2	9	449	2003皇宮盛會
2	2	9	449	2003王宮のパーティー
1	2	9	449	2003왕궁의 파티
0	0	9	449	2003Palace Party
4	1	9	450	Trial
4	2	9	450	ordeal
3	1	9	450	試練
3	2	9	450	試煉
2	1	9	450	試練
2	2	9	450	試練
1	1	9	450	시련
1	2	9	450	시련
0	0	9	450	Trial
4	1	9	451	Ship2
4	2	9	451	boat2
3	1	9	451	船2
3	2	9	451	船2
2	1	9	451	船2
2	2	9	451	船2
1	1	9	451	배2
1	2	9	451	배2
0	0	9	451	Ship 2
4	1	9	454	Dungeon2
4	2	9	454	dungeon2
3	1	9	454	迷宮2
3	2	9	454	迷宮2
2	1	9	454	ダンジョン2
2	2	9	454	ダンジョン2
1	1	9	454	지하감옥2
1	2	9	454	지하감옥2
0	0	9	454	Dungeon 2
4	1	9	455	Anger
4	2	9	455	malice
3	1	9	455	憤怒
3	2	9	455	怒
2	1	9	455	怒り
2	2	9	455	怒り
1	1	9	455	화내고
1	2	9	455	화내다
0	0	9	455	Wrath
4	1	9	458	Ending2
4	2	9	458	ending2
3	1	9	458	結局2
3	2	9	458	結束2
2	1	9	458	エンディング2
2	2	9	458	エンディング2
1	1	9	458	끝2
1	2	9	458	끝2
0	0	9	458	Ending 2
4	2	9	459	village4
3	2	9	459	2003日光村落
2	2	9	459	2003日だまりの村
1	2	9	459	2003양지의 마을
0	0	9	459	2003SunnyVillage
4	2	9	460	se-alarm
3	2	9	460	SE2003警報
2	2	9	460	SE2003アラーム
1	2	9	460	SE2003알람
0	0	9	460	SE2003Alarm
4	2	9	466	strangetown
3	2	9	466	2003未開化部落
2	2	9	466	2003未開の集落
1	2	9	466	2003미개한 취락
0	0	9	466	2003Village of Savages
4	1	9	467	Devil
4	2	9	467	demonic
3	1	9	467	魔王
3	2	9	467	魔王
2	1	9	467	魔王
2	2	9	467	魔王
1	1	9	467	마왕
1	2	9	467	마왕
0	0	9	467	Demon Lord
4	1	9	470	Ship1
4	2	9	470	boat1
3	1	9	470	船1
3	2	9	470	船1
2	1	9	470	船1
2	2	9	470	船1
1	1	9	470	배1
1	2	9	470	배1
0	0	9	470	Ship 1
4	1	9	471	Ride2
4	2	9	471	vehicle2
3	1	9	471	交通工具2
3	2	9	471	交通工具2
2	1	9	471	乗り物2
2	2	9	471	乗り物2
1	1	9	471	탈것2
1	2	9	471	차량2
0	0	9	471	Vehicle 2
4	1	9	474	Ride3
4	2	9	474	vehicle3
3	1	9	474	交通工具3
3	2	9	474	交通工具3
2	1	9	474	乗り物3
2	2	9	474	乗り物3
1	1	9	474	탈것3
1	2	9	474	차량3
0	0	9	474	Vehicle 3
4	1	9	475	Dungeon4
4	2	9	475	dungeon4
3	1	9	475	迷宮4
3	2	9	475	迷宮4
2	1	9	475	ダンジョン4
2	2	9	475	ダンジョン4
1	1	9	475	지하감옥4
1	2	9	475	지하감옥4
0	0	9	475	Dungeon 4
4	2	9	476	lonewolf
3	2	9	476	2003孤獨的旅行
2	2	9	476	2003孤独な旅立ち
1	2	9	476	2003고독한 여행
0	0	9	476	2003Lonesome Journey
4	2	9	479	dimension
3	2	9	479	2003異次元迴廊
2	2	9	479	2003異次元回廊
1	2	9	479	2003차원의 길
0	0	9	479	2003Otherworldly Corridor
4	1	9	486	Ending3
4	2	9	486	ending3
3	1	9	486	結局3
3	2	9	486	結束3
2	1	9	486	エンディング3
2	2	9	486	エンディング3
1	1	9	486	끝3
1	2	9	486	끝3
0	0	9	486	Ending 3
4	2	9	488	godslayer
3	2	9	488	2003與邪神一戰
2	2	9	488	2003邪神との戦い
1	2	9	488	2003사신과의 싸움
0	0	9	488	2003Battle with an Evil God
4	1	9	491	Town2
4	2	9	491	town2
3	1	9	491	鎮2
3	2	9	491	街2
2	1	9	491	町2
2	2	9	491	町2
1	1	9	491	도시2
1	2	9	491	밭두둑2
0	0	9	491	Town 2
4	1	9	495	Boss3
4	2	9	495	boss3
3	1	9	495	頭目3
3	2	9	495	BOSS3
2	1	9	495	ボス3
2	2	9	495	ボス3
1	1	9	495	보스3
1	2	9	495	보스3
0	0	9	495	Boss 3
4	1	9	502	Dungeon5
4	2	9	502	dungeon5
3	1	9	502	迷宮5
3	2	9	502	迷宮5
2	1	9	502	ダンジョン5
2	2	9	502	ダンジョン5
1	1	9	502	지하감옥5
1	2	9	502	지하감옥5
0	0	9	502	Dungeon 5
4	2	9	504	town-square
3	2	9	504	2003熱鬧街道
2	2	9	504	2003街の賑わい
1	2	9	504	2003거리의 북적임
0	0	9	504	2003City Bustle
4	2	9	505	intro
3	2	9	505	2003戰爭的序幕
2	2	9	505	2003戦いの幕開け
1	2	9	505	2003싸움의 개막
0	0	9	505	2003Beginning of a War
4	2	9	506	tension
3	2	9	506	2003緊迫
2	2	9	506	2003緊迫
1	2	9	506	2003긴박
0	0	9	506	2003Tension
4	1	9	508	Boss4
4	2	9	508	boss4
3	1	9	508	頭目4
3	2	9	508	BOSS4
2	1	9	508	ボス4
2	2	9	508	ボス4
1	1	9	508	보스4
1	2	9	508	보스4
0	0	9	508	Boss 4
4	1	9	510	Opening2
4	2	9	510	opening2
3	1	9	510	序幕2
3	2	9	510	開始2
2	1	9	510	オープニング2
2	2	9	510	オープニング2
1	1	9	510	오프닝2
1	2	9	510	오프닝2
0	0	9	510	Opening 2
4	1	9	512	Battle3
4	2	9	512	battle3
3	1	9	512	戰鬥3
3	2	9	512	戰鬥3
2	1	9	512	戦闘3
2	2	9	512	戦闘3
1	1	9	512	전투3
1	2	9	512	전투3
0	0	9	512	Battle 3
4	1	9	513	Mystery1
4	2	9	513	mystery1
3	1	9	513	神秘1
3	2	9	513	神秘1
2	1	9	513	神秘1
2	2	9	513	神秘1
1	1	9	513	신비1
1	2	9	513	신비1
0	0	9	513	Mystery 1
4	1	9	514	Ending1
4	2	9	514	ending1
3	1	9	514	結局1
3	2	9	514	結束1
2	1	9	514	エンディング1
2	2	9	514	エンディング1
1	1	9	514	끝1
1	2	9	514	끝1
0	0	9	514	Ending 1
4	1	9	516	Ride1
4	2	9	516	vehicle1
3	1	9	516	交通工具1
3	2	9	516	交通工具1
2	1	9	516	乗り物1
2	2	9	516	乗り物1
1	1	9	516	탈것1
1	2	9	516	차량1
0	0	9	516	Vehicle 1
4	1	9	520	Field2
4	2	9	520	field2
3	1	9	520	場所2
3	2	9	520	原野2
2	1	9	520	フィールド2
2	2	9	520	フィールド2
1	1	9	520	필드2
1	2	9	520	필드2
0	0	9	520	Field 2
4	2	9	525	ruins
3	2	9	525	2003遺跡探索
2	2	9	525	2003遺跡探索
1	2	9	525	2003유적 탐색
0	0	9	525	2003Exploring Ruins
4	2	9	531	fierce-battle
3	2	9	531	2003極限戰鬥
2	2	9	531	2003マキシマム・バトル
1	2	9	531	2003맥시멈·전투
0	0	9	531	2003Maximum Battle
4	1	9	538	Town1
4	2	9	538	town1
3	1	9	538	鎮1
3	2	9	538	街1
2	1	9	538	町1
2	2	9	538	町1
1	1	9	538	도시1
1	2	9	538	밭두둑1
0	0	9	538	Town 1
4	1	9	546	Field3
4	2	9	546	field3
3	1	9	546	場所3
3	2	9	546	原野3
2	1	9	546	フィールド3
2	2	9	546	フィールド3
1	1	9	546	필드3
1	2	9	546	필드3
0	0	9	546	Field 3
4	1	9	547	Field4
4	2	9	547	field4
3	1	9	547	場所4
3	2	9	547	原野4
2	1	9	547	フィールド4
2	2	9	547	フィールド4
1	1	9	547	필드4
1	2	9	547	필드4
0	0	9	547	Field 4
4	1	9	549	Energy
4	2	9	549	strength
3	1	9	549	活氣
3	2	9	549	朝氣
2	1	9	549	活気
2	2	9	549	活気
1	1	9	549	활기
1	2	9	549	활기
0	0	9	549	Liveliness
4	1	9	550	Opening3
4	2	9	550	opening3
3	1	9	550	序幕3
3	2	9	550	開始3
2	1	9	550	オープニング3
2	2	9	550	オープニング3
1	1	9	550	오프닝3
1	2	9	550	오프닝3
0	0	9	550	Opening 3
4	1	9	560	Battle2
4	2	9	560	battle2
3	1	9	560	戰鬥2
3	2	9	560	戰鬥2
2	1	9	560	戦闘2
2	2	9	560	戦闘2
1	1	9	560	전투2
1	2	9	560	전투2
0	0	9	560	Battle 2
4	2	9	605	icecave
3	2	9	605	2003冰之迷宮
2	2	9	605	2003氷のラビリンス
1	2	9	605	2003얼음의 래비런스
0	0	9	605	2003Ice Labyrinth
4	2	9	623	adventure
3	2	9	623	2003冒險者們
2	2	9	623	2003冒険者たち
1	2	9	623	2003여행자 서고
0	0	9	623	2003Adventurers
4	2	9	624	bustling-city
3	2	9	624	2003異次元城市
2	2	9	624	2003サイバーシティ
1	2	9	624	2003사이버 시티
0	0	9	624	2003Cyber City
4	1	9	631	Fiesta
4	2	9	631	bazaar
3	1	9	631	明朗的市場
3	2	9	631	明亮的市集
2	1	9	631	明るい市場
2	2	9	631	明るい市場
1	1	9	631	밝은시장
1	2	9	631	밝은 시장
0	0	9	631	Lively Market
4	1	9	633	SEclock
4	2	9	633	se-clock
3	1	9	633	鐘錶
3	2	9	633	SE鐘
2	1	9	633	SE時計
2	2	9	633	SE時計
1	1	9	633	SE시계
1	2	9	633	SE시계
0	0	9	633	SEClock
4	1	9	642	Hero1
4	2	9	642	hero1
3	1	9	642	勇者1
3	2	9	642	勇者1
2	1	9	642	勇者1
2	2	9	642	勇者1
1	1	9	642	용사1
1	2	9	642	용사1
0	0	9	642	Hero 1
4	1	9	652	Opening1
4	2	9	652	opening1
3	1	9	652	序幕1
3	2	9	652	開始1
2	1	9	652	オープニング1
2	2	9	652	オープニング1
1	1	9	652	오프닝1
1	2	9	652	오프닝1
0	0	9	652	Opening 1
4	2	9	653	empire
3	2	9	653	2003帝國
2	2	9	653	2003帝国～エンパイア
1	2	9	653	2003제국
0	0	9	653	2003Empire
4	2	9	663	arena
3	2	9	663	2003競技場
2	2	9	663	2003コロシアム
1	2	9	663	2003콜로세움
0	0	9	663	2003Colosseum
4	2	9	672	endless-fight
3	2	9	672	2003反覆的戰鬥
2	2	9	672	2003繰り返される戦い
1	2	9	672	2003반복된 싸움
0	0	9	672	2003Repeated Wars
4	2	9	698	fairies
3	2	9	698	2003妖精之森
2	2	9	698	2003妖精の森
1	2	9	698	2003요정의 숲
0	0	9	698	2003Fairy Forest
4	1	9	702	Battle1
4	2	9	702	battle1
3	1	9	702	戰鬥1
3	2	9	702	戰鬥1
2	1	9	702	戦闘1
2	2	9	702	戦闘1
1	1	9	702	전투1
1	2	9	702	전투1
0	0	9	702	Battle 1
4	2	9	716	bar
3	2	9	716	2003街上的酒館
2	2	9	716	2003街の酒場
1	2	9	716	2003거리의 술집
0	0	9	716	2003Tavern
4	2	9	722	labyrinth
3	2	9	722	2003地下迷宮
2	2	9	722	2003地下迷宮
1	2	9	722	2003지하미궁
0	0	9	722	2003Subterranean Maze
4	1	9	725	Field1
4	2	9	725	field1
3	1	9	725	場所1
3	2	9	725	原野1
2	1	9	725	フィールド1
2	2	9	725	フィールド1
1	1	9	725	필드1
1	2	9	725	필드1
0	0	9	725	Field 1
4	1	9	726	SErain
4	2	9	726	se-rain
3	1	9	726	雨
3	2	9	726	SE雨
2	1	9	726	SE雨
2	2	9	726	SE雨
1	1	9	726	SE비
1	2	9	726	SE비
0	0	9	726	SERain
4	1	9	731	Boss1
4	2	9	731	boss1
3	1	9	731	頭目1
3	2	9	731	BOSS1
2	1	9	731	ボス1
2	2	9	731	ボス1
1	1	9	731	보스1
1	2	9	731	보스1
0	0	9	731	Boss 1
4	2	9	734	far-east
3	2	9	734	2003極東之地
2	2	9	734	2003極東の地
1	2	9	734	2003극동의 땅
0	0	9	734	2003Far Eastern Land
4	2	9	741	waltz
3	2	9	741	2003祝福的華爾滋
2	2	9	741	2003祝福ワルツ
1	2	9	741	2003축복 왈츠
0	0	9	741	2003Waltz of Blessings
4	2	9	747	airborne
3	2	9	747	2003空中的羽翼
2	2	9	747	2003大空への翼
1	2	9	747	2003대공의 날개
0	0	9	747	2003Wings to the Sky
4	2	9	748	casino
3	2	9	748	2003賭場
2	2	9	748	2003カジノ三昧
1	2	9	748	2003카지노
0	0	9	748	2003Casino Indulgence
4	2	9	752	sadness
3	2	9	752	2003悲傷
2	2	9	752	2003悲しみ
1	2	9	752	2003슬퍼하고
0	0	9	752	2003Sorrow
4	1	9	753	SErain2
4	2	9	753	se-torrent
3	1	9	753	大雨
3	2	9	753	SE大雨
2	1	9	753	SE大雨
2	2	9	753	SE大雨
1	1	9	753	SE호우
1	2	9	753	SE호우
0	0	9	753	SEDownpour
4	2	9	755	triumph
3	2	9	755	2003勇者的凱旋
2	2	9	755	2003勇者の凱旋
1	2	9	755	2003용사의 개선
0	0	9	755	2003Hero's Return
4	1	9	757	SEearthquake
4	2	9	757	se-quake
3	1	9	757	地震
3	2	9	757	SE地震
2	1	9	757	SE地震
2	2	9	757	SE地震
1	1	9	757	SE지진
1	2	9	757	SE지진
0	0	9	757	SEEarthquake
4	2	9	761	se-jungle
3	2	9	761	SE2003叢林
2	2	9	761	SE2003ジャングル
1	2	9	761	SE2003정글
0	0	9	761	SE2003Jungle
4	2	9	763	se-bird
3	2	9	763	SE2003鳥
2	2	9	763	SE2003鳥
1	2	9	763	SE2003새
0	0	9	763	SE2003Bird
4	2	9	764	se-crowd
3	2	9	764	SE2003雜沓
2	2	9	764	SE2003雑踏
1	2	9	764	SE2003혼잡
0	0	9	764	SE2003Bustle
4	2	9	766	se-gale
3	2	9	766	SE2003風
2	2	9	766	SE2003風
1	2	9	766	SE2003바람
0	0	9	766	SE2003Wind
4	1	9	769	SEsea
4	2	9	769	se-ocean
3	1	9	769	海
3	2	9	769	SE海
2	1	9	769	SE海
2	2	9	769	SE海
1	1	9	769	SE바다
1	2	9	769	SE바다
0	0	9	769	SESea
4	2	9	774	interlude
3	2	9	774	2003徐徐微風
2	2	9	774	2003穏やかな風
1	2	9	774	2003온화한 바람
0	0	9	774	2003Steady Breeze
4	1	10	453	Planet2
4	2	10	453	planet2
3	1	10	453	惑星2
3	2	10	453	惑星2
2	1	10	453	惑星2
2	2	10	453	惑星2
1	1	10	453	혹성2
1	2	10	453	혹성2
0	0	10	453	Planet2
4	1	10	469	Planet1
4	2	10	469	planet1
3	1	10	469	惑星1
3	2	10	469	惑星1
2	1	10	469	惑星1
2	2	10	469	惑星1
1	1	10	469	혹성1
1	2	10	469	혹성1
0	0	10	469	Planet1
4	1	10	481	Planet3
4	2	10	481	planet3
3	1	10	481	惑星3
3	2	10	481	惑星3
2	1	10	481	惑星3
2	2	10	481	惑星3
1	1	10	481	혹성3
1	2	10	481	혹성3
0	0	10	481	Planet3
4	1	10	493	Night1
4	2	10	493	night1
3	1	10	493	夜空1
3	2	10	493	夜空1
2	1	10	493	夜空1
2	2	10	493	夜空1
1	1	10	493	밤하늘1
1	2	10	493	밤하늘1
0	0	10	493	Night Sky1
4	1	10	530	Dawn1
4	2	10	530	dusk1
3	1	10	530	晚霞1
3	2	10	530	夕陽1
2	1	10	530	夕焼け1
2	2	10	530	夕焼け1
1	1	10	530	저녁놀1
1	2	10	530	석양1
0	0	10	530	Sunset1
4	1	10	552	Morning1
4	2	10	552	sky1
3	1	10	552	空1
3	2	10	552	天空1
2	1	10	552	空1
2	2	10	552	空1
1	1	10	552	하늘1
1	2	10	552	하늘1
0	0	10	552	Sky1
4	1	10	590	Evening1
4	2	10	590	dawn1
3	1	10	590	凌晨1
3	2	10	590	黎明1
2	1	10	590	夜明け1
2	2	10	590	夜明け1
1	1	10	590	해돋이1
1	2	10	590	새벽1
0	0	10	590	Dawn1
4	1	10	705	Night2
4	2	10	705	night2
3	1	10	705	夜空2
3	2	10	705	夜空2
2	1	10	705	夜空2
2	2	10	705	夜空2
1	1	10	705	밤하늘2
1	2	10	705	밤하늘2
0	0	10	705	Night Sky2
4	1	10	740	Dawn2
4	2	10	740	dusk2
3	1	10	740	晚霞2
3	2	10	740	夕陽2
2	1	10	740	夕焼け2
2	2	10	740	夕焼け2
1	1	10	740	저녁놀2
1	2	10	740	석양2
0	0	10	740	Sunset2
4	1	10	749	Morning2
4	2	10	749	sky2
3	1	10	749	空2
3	2	10	749	天空2
2	1	10	749	空2
2	2	10	749	空2
1	1	10	749	하늘2
1	2	10	749	하늘2
0	0	10	749	Sky2
4	1	10	751	Evening2
4	2	10	751	dawn2
3	1	10	751	凌晨2
3	2	10	751	黎明2
2	1	10	751	夜明け2
2	2	10	751	夜明け2
1	1	10	751	해돋이2
1	2	10	751	새벽2
0	0	10	751	Dawn2
4	1	10	754	Galaxy
4	2	10	754	space
3	1	10	754	宇宙
3	2	10	754	宇宙
2	1	10	754	宇宙
2	2	10	754	宇宙
1	1	10	754	우주
1	2	10	754	우주
0	0	10	754	Cosmos1
4	1	10	765	Weird
4	2	10	765	strange
3	1	10	765	異空間
3	2	10	765	異次元空間
2	1	10	765	異空間
2	2	10	765	異空間
1	1	10	765	이공간
1	2	10	765	이공간
0	0	10	765	Dimension Rift
4	1	11	2	Cursor1
4	2	11	2	cursor1
3	1	11	2	游標1
3	2	11	2	游標1
2	1	11	2	カーソル1
2	2	11	2	カーソル1
1	1	11	2	커서1
1	2	11	2	커서1
0	0	11	2	Cursor1
4	1	11	142	Cursor2
4	2	11	142	cursor2
3	1	11	142	游標2
3	2	11	142	游標2
2	1	11	142	カーソル2
2	2	11	142	カーソル2
1	1	11	142	커서2
1	2	11	142	커서2
0	0	11	142	Cursor2
4	1	11	149	Switch2
4	2	11	149	switch2
3	1	11	149	開關2
3	2	11	149	開關2
2	1	11	149	スイッチ2
2	2	11	149	スイッチ2
1	1	11	149	스위치2
1	2	11	149	스위치2
0	0	11	149	Switch2
4	1	11	165	Clock
4	2	11	165	clock
3	1	11	165	鐘錶
3	2	11	165	時鐘
2	1	11	165	時計
2	2	11	165	時計
1	1	11	165	시계
1	2	11	165	시계
0	0	11	165	Clock
4	1	11	184	Cansel1
4	2	11	184	cancel1
3	1	11	184	取消1
3	2	11	184	取消1
2	1	11	184	キャンセル1
2	2	11	184	キャンセル1
1	1	11	184	취소1
1	2	11	184	취소1
0	0	11	184	Cancel1
4	1	11	195	Buzzer2
4	2	11	195	buzzer2
3	1	11	195	汽笛2
3	2	11	195	汽笛2
2	1	11	195	ブザー2
2	2	11	195	ブザー2
1	1	11	195	버저2
1	2	11	195	버저2
0	0	11	195	Buzzer4
4	1	11	213	Wind7
4	2	11	213	wind07
3	1	11	213	風7
3	2	11	213	風7
2	1	11	213	風7
2	2	11	213	風7
1	1	11	213	바람7
1	2	11	213	바람7
0	0	11	213	Wind7
4	1	11	235	Cansel2
4	2	11	235	cancel2
3	1	11	235	取消2
3	2	11	235	取消2
2	1	11	235	キャンセル2
2	2	11	235	キャンセル2
1	1	11	235	취소2
1	2	11	235	취소2
0	0	11	235	Cancel2
4	1	11	250	Blow3
4	2	11	250	punch3
3	1	11	250	打擊3
3	2	11	250	打擊3
2	1	11	250	打撃3
2	2	11	250	打撃3
1	1	11	250	타격3
1	2	11	250	타격3
0	0	11	250	Blow3
4	1	11	256	Blow2
4	2	11	256	punch2
3	1	11	256	打擊2
3	2	11	256	打擊2
2	1	11	256	打撃2
2	2	11	256	打撃2
1	1	11	256	타격2
1	2	11	256	타격2
0	0	11	256	Blow2
4	1	11	263	Blow5
4	2	11	263	punch5
3	1	11	263	打擊5
3	2	11	263	打擊5
2	1	11	263	打撃5
2	2	11	263	打撃5
1	1	11	263	타격5
1	2	11	263	타격5
0	0	11	263	Blow5
4	1	11	266	Kill10
4	2	11	266	strike10
3	1	11	266	斬10
3	2	11	266	斬10
2	1	11	266	斬る10
2	2	11	266	斬る10
1	1	11	266	벤다10
1	2	11	266	벤다10
0	0	11	266	Slash10
4	1	11	271	Blow1
4	2	11	271	punch1
3	1	11	271	打擊1
3	2	11	271	打擊1
2	1	11	271	打撃1
2	2	11	271	打撃1
1	1	11	271	타격1
1	2	11	271	타격1
0	0	11	271	Blow1
4	1	11	283	Kill8
4	2	11	283	strike08
3	1	11	283	斬8
3	2	11	283	斬8
2	1	11	283	斬る8
2	2	11	283	斬る8
1	1	11	283	벤다8
1	2	11	283	벤다8
0	0	11	283	Slash8
4	1	11	287	Key
4	2	11	287	key
3	1	11	287	鑰匙
3	2	11	287	鑰匙
2	1	11	287	鍵
2	2	11	287	鍵
1	1	11	287	열쇠
1	2	11	287	자물쇠
0	0	11	287	Key
4	1	11	288	Kill11
4	2	11	288	strike11
3	1	11	288	斬11
3	2	11	288	斬11
2	1	11	288	斬る11
2	2	11	288	斬る11
1	1	11	288	벤다11
1	2	11	288	벤다11
0	0	11	288	Slash11
4	1	11	295	Knock
4	2	11	295	knock
3	1	11	295	敲
3	2	11	295	敲
2	1	11	295	ノック
2	2	11	295	ノック
1	1	11	295	노크
1	2	11	295	노크
0	0	11	295	Knock
4	2	11	307	strike06
3	1	11	307	斬6
3	2	11	307	斬6
2	1	11	307	斬る6
2	2	11	307	斬る6
1	1	11	307	벤다6
1	2	11	307	벤다6
0	0	11	307	Slash6
4	1	11	318	Kill5
4	2	11	318	strike05
3	1	11	318	斬5
3	2	11	318	斬5
2	1	11	318	斬る5
2	2	11	318	斬る5
1	1	11	318	벤다5
1	2	11	318	벤다5
0	0	11	318	Slash5
4	1	11	320	Kill4
4	2	11	320	strike04
3	1	11	320	斬4
3	2	11	320	斬4
2	1	11	320	斬る4
2	2	11	320	斬る4
1	1	11	320	벤다4
1	2	11	320	벤다4
0	0	11	320	Slash4
4	1	11	325	Switch1
4	2	11	325	switch1
3	1	11	325	開關1
3	2	11	325	開關1
2	1	11	325	スイッチ1
2	2	11	325	スイッチ1
1	1	11	325	스위치1
1	2	11	325	스위치1
0	0	11	325	Switch1
4	1	11	326	Evasion2
4	2	11	326	evade2
3	1	11	326	閃躲2
3	2	11	326	迴避2
2	1	11	326	回避2
2	2	11	326	回避2
1	1	11	326	회피2
1	2	11	326	회피2
0	0	11	326	Evade2
4	2	11	328	bump2
3	1	11	328	牆壁2
3	2	11	328	壁2
2	1	11	328	壁2
2	2	11	328	壁2
1	1	11	328	벽2
1	2	11	328	벽2
0	0	11	328	Barrier2
4	1	11	331	Kill7
4	2	11	331	strike07
3	1	11	331	斬7
3	2	11	331	斬7
2	1	11	331	斬る7
2	2	11	331	斬る7
1	1	11	331	벤다7
1	2	11	331	벤다7
0	0	11	331	Slash7
4	1	11	342	Damage2
4	2	11	342	damage2
3	1	11	342	傷害2
3	2	11	342	傷害2
2	1	11	342	ダメージ2
2	2	11	342	ダメージ2
1	1	11	342	데미지2
1	2	11	342	데미지2
0	0	11	342	Damage2
4	1	11	353	Kill2
4	2	11	353	strike02
3	1	11	353	斬2
3	2	11	353	斬2
2	1	11	353	斬る2
2	2	11	353	斬る2
1	1	11	353	벤다2
1	2	11	353	벤다2
0	0	11	353	Slash2
4	1	11	361	Kill9
4	2	11	361	strike09
3	1	11	361	斬9
3	2	11	361	斬9
2	1	11	361	斬る9
2	2	11	361	斬る9
1	1	11	361	벤다9
1	2	11	361	벤다9
0	0	11	361	Slash9
4	1	11	364	Kill3
4	2	11	364	strike03
3	1	11	364	斬3
3	2	11	364	斬3
2	1	11	364	斬る3
2	2	11	364	斬る3
1	1	11	364	벤다3
1	2	11	364	벤다3
0	0	11	364	Slash3
4	2	11	374	bump1
3	1	11	374	牆壁1
3	2	11	374	壁1
2	1	11	374	壁1
2	2	11	374	壁1
1	1	11	374	벽1
1	2	11	374	벽1
0	0	11	374	Barrier1
4	1	11	388	Jump1
4	2	11	388	jump1
3	1	11	388	跳躍1
3	2	11	388	跳躍1
2	1	11	388	ジャンプ1
2	2	11	388	ジャンプ1
1	1	11	388	점프1
1	2	11	388	점프1
0	0	11	388	Jump1
4	1	11	394	Decision1
4	2	11	394	choice1
3	1	11	394	決定1
3	2	11	394	決定1
2	1	11	394	決定1
2	2	11	394	決定1
1	1	11	394	결정1
1	2	11	394	결정1
0	0	11	394	Decision1
4	1	11	398	Buzzer1
4	2	11	398	buzzer1
3	1	11	398	汽笛1
3	2	11	398	汽笛1
2	1	11	398	ブザー1
2	2	11	398	ブザー1
1	1	11	398	버저1
1	2	11	398	버저1
0	0	11	398	Buzzer3
4	1	11	401	Sword1
4	2	11	401	sword1
3	1	11	401	劍1
3	2	11	401	劍1
2	1	11	401	剣1
2	2	11	401	剣1
1	1	11	401	검1
1	2	11	401	검1
0	0	11	401	Sword1
4	1	11	408	Kill1
4	2	11	408	strike01
3	1	11	408	斬1
3	2	11	408	斬1
2	1	11	408	斬る1
2	2	11	408	斬る1
1	1	11	408	벤다1
1	2	11	408	벤다1
0	0	11	408	Slash1
4	1	11	414	Jump2
4	2	11	414	jump2
3	1	11	414	跳躍2
3	2	11	414	跳躍2
2	1	11	414	ジャンプ2
2	2	11	414	ジャンプ2
1	1	11	414	점프2
1	2	11	414	점프2
0	0	11	414	Jump2
4	1	11	419	Blow6
4	2	11	419	punch6
3	1	11	419	打擊6
3	2	11	419	打擊6
2	1	11	419	打撃6
2	2	11	419	打撃6
1	1	11	419	타격6
1	2	11	419	타격6
0	0	11	419	Blow6
4	1	11	422	Damage1
4	2	11	422	damage1
3	1	11	422	傷害1
3	2	11	422	傷害1
2	1	11	422	ダメージ1
2	2	11	422	ダメージ1
1	1	11	422	데미지1
1	2	11	422	데미지1
0	0	11	422	Damage1
4	1	11	423	Failure1
4	2	11	423	failure1
3	1	11	423	失誤1
3	2	11	423	磨擦1
2	1	11	423	はずれ1
2	2	11	423	はずれ1
1	1	11	423	질질끌기1
1	2	11	423	잘라내기1
0	0	11	423	Buzzer1
4	1	11	424	Numbness2
4	2	11	424	paralyze2
3	1	11	424	麻痺2
3	2	11	424	麻痺2
2	1	11	424	しびれ2
2	2	11	424	しびれ2
1	1	11	424	마비2
1	2	11	424	마비2
0	0	11	424	Paralyze2
4	1	11	429	Dog
4	2	11	429	dog
3	1	11	429	狗
3	2	11	429	狗
2	1	11	429	イヌ
2	2	11	429	イヌ
1	1	11	429	이누
1	2	11	429	강아지
0	0	11	429	Dog
4	1	11	430	Numbness1
4	2	11	430	paralyze1
3	1	11	430	麻痺1
3	2	11	430	麻痺1
2	1	11	430	しびれ1
2	2	11	430	しびれ1
1	1	11	430	마비1
1	2	11	430	마비1
0	0	11	430	Paralyze1
4	1	11	431	Blow7
4	2	11	431	punch7
3	1	11	431	打擊7
3	2	11	431	打擊7
2	1	11	431	打撃7
2	2	11	431	打撃7
1	1	11	431	타격7
1	2	11	431	타격7
0	0	11	431	Blow7
4	1	11	433	Attack2
4	2	11	433	attack2
3	1	11	433	攻擊2
3	2	11	433	攻擊2
2	1	11	433	攻撃2
2	2	11	433	攻撃2
1	1	11	433	공격2
1	2	11	433	공격2
0	0	11	433	Attack2
4	1	11	437	Blow4
4	2	11	437	punch4
3	1	11	437	打擊4
3	2	11	437	打擊4
2	1	11	437	打撃4
2	2	11	437	打撃4
1	1	11	437	타격4
1	2	11	437	타격4
0	0	11	437	Blow4
4	1	11	440	Open1
4	2	11	440	open1
3	1	11	440	開啟1
3	2	11	440	開啟1
2	1	11	440	開ける1
2	2	11	440	開ける1
1	1	11	440	열다1
1	2	11	440	열다1
0	0	11	440	Open1
4	1	11	442	Evasion1
4	2	11	442	evade1
3	1	11	442	閃躲1
3	2	11	442	迴避1
2	1	11	442	回避1
2	2	11	442	回避1
1	1	11	442	회피1
1	2	11	442	회피1
0	0	11	442	Evade1
4	1	11	446	Sword3
4	2	11	446	sword3
3	1	11	446	劍3
3	2	11	446	劍3
2	1	11	446	剣3
2	2	11	446	剣3
1	1	11	446	검3
1	2	11	446	검3
0	0	11	446	Sword3
4	1	11	447	Earth3
4	2	11	447	earth03
3	1	11	447	大地3
3	2	11	447	大地3
2	1	11	447	大地3
2	2	11	447	大地3
1	1	11	447	대지3
1	2	11	447	대지3
0	0	11	447	Earth3
4	1	11	448	Thunder2
4	2	11	448	bolt02
3	1	11	448	雷2
3	2	11	448	雷2
2	1	11	448	雷2
2	2	11	448	雷2
1	1	11	448	천둥2
1	2	11	448	전격2
0	0	11	448	Thunder2
4	1	11	456	Kill6
4	2	11	456	dark6
3	1	11	456	暗黑6
3	2	11	456	暗黑6
2	1	11	456	暗黒6
2	2	11	456	暗黒6
1	1	11	456	암흑6
1	2	11	456	암흑6
0	0	11	456	Darkness6
4	1	11	461	Earth7
4	2	11	461	earth07
3	1	11	461	大地7
3	2	11	461	大地7
2	1	11	461	大地7
2	2	11	461	大地7
1	1	11	461	대지7
1	2	11	461	대지7
0	0	11	461	Earth7
4	1	11	464	Flame1
4	2	11	464	fire1
3	1	11	464	炎1
3	2	11	464	炎1
2	1	11	464	炎1
2	2	11	464	炎1
1	1	11	464	불길1
1	2	11	464	화염1
0	0	11	464	Fire1
4	1	11	468	Escape
4	2	11	468	flee
3	1	11	468	逃走
3	2	11	468	逃走
2	1	11	468	逃走
2	2	11	468	逃走
1	1	11	468	도주
1	2	11	468	도주
0	0	11	468	Escape
4	1	11	472	Bow1
4	2	11	472	bow1
3	1	11	472	弓1
3	2	11	472	弓1
2	1	11	472	弓1
2	2	11	472	弓1
1	1	11	472	활1
1	2	11	472	활1
0	0	11	472	Bow1
4	1	11	473	Decision2
4	2	11	473	choice2
3	1	11	473	決定2
3	2	11	473	決定2
2	1	11	473	決定2
2	2	11	473	決定2
1	1	11	473	결정2
1	2	11	473	결정2
0	0	11	473	Decision2
4	1	11	477	Bite
4	2	11	477	bloodsuck
3	1	11	477	咬
3	2	11	477	咬
2	1	11	477	噛む
2	2	11	477	噛む
1	1	11	477	깨물다
1	2	11	477	물다
0	0	11	477	Bite
4	1	11	480	Earth8
4	2	11	480	earth08
3	1	11	480	大地8
3	2	11	480	大地8
2	1	11	480	大地8
2	2	11	480	大地8
1	1	11	480	대지8
1	2	11	480	대지8
0	0	11	480	Earth8
4	1	11	482	Shot2
4	2	11	482	shot2
3	1	11	482	發射2
3	2	11	482	發射2
2	1	11	482	ショット2
2	2	11	482	ショット2
1	1	11	482	쇼트2
1	2	11	482	쇼트2
0	0	11	482	Shot2
4	1	11	483	Attack1
4	2	11	483	attack1
3	1	11	483	攻擊1
3	2	11	483	攻擊1
2	1	11	483	攻撃1
2	2	11	483	攻撃1
1	1	11	483	공격1
1	2	11	483	공격1
0	0	11	483	Attack1
4	1	11	485	Up
4	2	11	485	increase
3	1	11	485	提升
3	2	11	485	上昇
2	1	11	485	アップ
2	2	11	485	アップ
1	1	11	485	업
1	2	11	485	업
0	0	11	485	Buff
4	1	11	487	Recovery2
4	2	11	487	heal2
3	1	11	487	回復2
3	2	11	487	回復2
2	1	11	487	回復2
2	2	11	487	回復2
1	1	11	487	회복2
1	2	11	487	회복2
0	0	11	487	Recovery2
4	1	11	490	Holy3
4	2	11	490	holy3
3	1	11	490	神聖3
3	2	11	490	神聖3
2	1	11	490	神聖3
2	2	11	490	神聖3
1	1	11	490	신성3
1	2	11	490	신성3
0	0	11	490	Holy3
4	1	11	497	Cold1
4	2	11	497	ice01
3	1	11	497	冷氣1
3	2	11	497	冰1
2	1	11	497	冷気1
2	2	11	497	冷気1
1	1	11	497	냉기1
1	2	11	497	냉기1
0	0	11	497	Ice1
4	1	11	500	Flame3
4	2	11	500	fire3
3	1	11	500	炎3
3	2	11	500	炎3
2	1	11	500	炎3
2	2	11	500	炎3
1	1	11	500	불길3
1	2	11	500	화염3
0	0	11	500	Fire3
4	1	11	501	Silence
4	2	11	501	silence
3	1	11	501	沈默
3	2	11	501	沉默
2	1	11	501	沈黙
2	2	11	501	沈黙
1	1	11	501	침묵
1	2	11	501	침묵
0	0	11	501	Silence
4	1	11	507	Annihilation2
4	2	11	507	vanish2
3	1	11	507	消滅2
3	2	11	507	消滅2
2	1	11	507	消滅2
2	2	11	507	消滅2
1	1	11	507	소멸2
1	2	11	507	소멸2
0	0	11	507	Collapse2
4	1	11	511	Failure2
4	2	11	511	failure2
3	1	11	511	失誤2
3	2	11	511	磨擦2
2	1	11	511	はずれ2
2	2	11	511	はずれ2
1	1	11	511	질질끌기2
1	2	11	511	잘라내기2
0	0	11	511	Buzzer2
4	1	11	515	Flame4
4	2	11	515	fire4
3	1	11	515	炎4
3	2	11	515	炎4
2	1	11	515	炎4
2	2	11	515	炎4
1	1	11	515	불길4
1	2	11	515	화염4
0	0	11	515	Fire4
4	1	11	521	Cold9
4	2	11	521	ice11
3	1	11	521	冷氣9
3	2	11	521	冰9
2	1	11	521	冷気9
2	2	11	521	冷気9
1	1	11	521	냉기9
1	2	11	521	냉기9
0	0	11	521	Ice9
4	1	11	523	Open2
4	2	11	523	open2
3	1	11	523	開啟2
3	2	11	523	開啟2
2	1	11	523	開ける2
2	2	11	523	開ける2
1	1	11	523	열다2
1	2	11	523	열다2
0	0	11	523	Open2
4	1	11	527	Fall2
4	2	11	527	fall2
3	1	11	527	落下2
3	2	11	527	落下2
2	1	11	527	落ちる2
2	2	11	527	落ちる2
1	1	11	527	떨어진다2
1	2	11	527	떨어진다2
0	0	11	527	Fall2
4	1	11	535	Flame2
4	2	11	535	fire2
3	1	11	535	炎2
3	2	11	535	炎2
2	1	11	535	炎2
2	2	11	535	炎2
1	1	11	535	불길2
1	2	11	535	화염2
0	0	11	535	Fire2
4	1	11	536	Holy9
4	2	11	536	holy9
3	1	11	536	神聖9
3	2	11	536	神聖9
2	1	11	536	神聖9
2	2	11	536	神聖9
1	1	11	536	신성9
1	2	11	536	신성9
0	0	11	536	Holy9
4	1	11	539	Bow2
4	2	11	539	bow2
3	1	11	539	弓2
3	2	11	539	弓2
2	1	11	539	弓2
2	2	11	539	弓2
1	1	11	539	활2
1	2	11	539	활2
0	0	11	539	Bow2
4	1	11	540	Flame5
4	2	11	540	fire5
3	1	11	540	炎5
3	2	11	540	炎5
2	1	11	540	炎5
2	2	11	540	炎5
1	1	11	540	불길5
1	2	11	540	화염5
0	0	11	540	Fire5
4	1	11	542	Sword2
4	2	11	542	sword2
3	1	11	542	劍2
3	2	11	542	劍2
2	1	11	542	剣2
2	2	11	542	剣2
1	1	11	542	검2
1	2	11	542	검2
0	0	11	542	Sword2
4	1	11	544	Cold3
4	2	11	544	ice05
3	1	11	544	冷氣3
3	2	11	544	冰3
2	1	11	544	冷気3
2	2	11	544	冷気3
1	1	11	544	냉기3
1	2	11	544	냉기3
0	0	11	544	Ice3
4	1	11	551	Barrier
4	2	11	551	barrier
3	1	11	551	防護罩
3	2	11	551	護罩
2	1	11	551	バリア
2	2	11	551	バリア
1	1	11	551	배리어
1	2	11	551	배리어
0	0	11	551	Barrier
4	1	11	553	Thunder3
4	2	11	553	bolt03
3	1	11	553	雷3
3	2	11	553	雷3
2	1	11	553	雷3
2	2	11	553	雷3
1	1	11	553	천둥3
1	2	11	553	전격3
0	0	11	553	Thunder3
4	1	11	556	Item1
4	2	11	556	item1
3	1	11	556	物品1
3	2	11	556	物品1
2	1	11	556	アイテム1
2	2	11	556	アイテム1
1	1	11	556	아이템1
1	2	11	556	아이템1
0	0	11	556	Item1
4	1	11	557	Wall1
4	2	11	557	magic1
3	1	11	557	魔法1
3	2	11	557	魔法1
2	1	11	557	魔法1
2	2	11	557	魔法1
1	1	11	557	마법1
1	2	11	557	마법1
0	0	11	557	Magic1
4	1	11	558	Flame8
4	2	11	558	fire8
3	1	11	558	炎8
3	2	11	558	炎8
2	1	11	558	炎8
2	2	11	558	炎8
1	1	11	558	불길8
1	2	11	558	화염8
0	0	11	558	Fire8
4	1	11	561	Flame6
4	2	11	561	fire6
3	1	11	561	炎6
3	2	11	561	炎6
2	1	11	561	炎6
2	2	11	561	炎6
1	1	11	561	불길6
1	2	11	561	화염6
0	0	11	561	Fire6
4	1	11	562	Explosion4
4	2	11	562	explode4
3	1	11	562	爆發4
3	2	11	562	爆發4
2	1	11	562	爆発4
2	2	11	562	爆発4
1	1	11	562	폭발4
1	2	11	562	폭발4
0	0	11	562	Explosion4
4	1	11	564	Absorption1
4	2	11	564	absorb1
3	1	11	564	吸收1
3	2	11	564	吸收1
2	1	11	564	吸収1
2	2	11	564	吸収1
1	1	11	564	흡수1
1	2	11	564	흡수1
0	0	11	564	Absorb1
4	1	11	565	Wall2
4	2	11	565	magic2
3	1	11	565	魔法2
3	2	11	565	魔法2
2	1	11	565	魔法2
2	2	11	565	魔法2
1	1	11	565	마법2
1	2	11	565	마법2
0	0	11	565	Magic2
4	1	11	567	Success1
4	2	11	567	jingle1
3	1	11	567	擊中1
3	2	11	567	碰撞1
2	1	11	567	あたり1
2	2	11	567	あたり1
1	1	11	567	즈음하고1
1	2	11	567	즈음하고1
0	0	11	567	Chime1
4	1	11	568	Flash1
4	2	11	568	flash1
3	1	11	568	割裂1
3	2	11	568	閃爍1
2	1	11	568	フラッシュ1
2	2	11	568	フラッシュ1
1	1	11	568	플래시1
1	2	11	568	플래시1
0	0	11	568	Flash1
4	1	11	569	Close1
4	2	11	569	close1
3	1	11	569	關閉1
3	2	11	569	關閉1
2	1	11	569	閉める1
2	2	11	569	閉める1
1	1	11	569	닫는다1
1	2	11	569	닫는다1
0	0	11	569	Close1
4	1	11	572	Flame7
4	2	11	572	fire7
3	1	11	572	炎7
3	2	11	572	炎7
2	1	11	572	炎7
2	2	11	572	炎7
1	1	11	572	불길7
1	2	11	572	화염7
0	0	11	572	Fire7
4	1	11	573	Movement
4	2	11	573	footstep
3	1	11	573	移動
3	2	11	573	移動
2	1	11	573	移動
2	2	11	573	移動
1	1	11	573	이동
1	2	11	573	이동
0	0	11	573	Move
4	1	11	575	Close2
4	2	11	575	close2
3	1	11	575	關閉2
3	2	11	575	關閉2
2	1	11	575	閉める2
2	2	11	575	閉める2
1	1	11	575	닫는다2
1	2	11	575	닫는다2
0	0	11	575	Close2
4	1	11	578	Cold5
4	2	11	578	ice07
3	1	11	578	冷氣5
3	2	11	578	冰5
2	1	11	578	冷気5
2	2	11	578	冷気5
1	1	11	578	냉기5
1	2	11	578	냉기5
0	0	11	578	Ice5
4	1	11	580	Thunder5
4	2	11	580	bolt05
3	1	11	580	雷5
3	2	11	580	雷5
2	1	11	580	雷5
2	2	11	580	雷5
1	1	11	580	천둥5
1	2	11	580	전격5
0	0	11	580	Thunder5
4	1	11	581	Recovery8
4	2	11	581	heal8
3	1	11	581	回復8
3	2	11	581	回復8
2	1	11	581	回復8
2	2	11	581	回復8
1	1	11	581	회복8
1	2	11	581	회복8
0	0	11	581	Recovery8
4	1	11	582	Explosion1
4	2	11	582	explode1
3	1	11	582	爆發1
3	2	11	582	爆發1
2	1	11	582	爆発1
2	2	11	582	爆発1
1	1	11	582	폭발1
1	2	11	582	폭발1
0	0	11	582	Explosion1
4	1	11	584	Thunder8
4	2	11	584	bolt08
3	1	11	584	雷8
3	2	11	584	雷8
2	1	11	584	雷8
2	2	11	584	雷8
1	1	11	584	천둥8
1	2	11	584	전격8
0	0	11	584	Thunder8
4	1	11	585	Earth1
4	2	11	585	earth01
3	1	11	585	大地1
3	2	11	585	大地1
2	1	11	585	大地1
2	2	11	585	大地1
1	1	11	585	대지1
1	2	11	585	대지1
0	0	11	585	Earth1
4	1	11	586	Wind9
4	2	11	586	wind09
3	1	11	586	風9
3	2	11	586	風9
2	1	11	586	風9
2	2	11	586	風9
1	1	11	586	바람9
1	2	11	586	바람9
0	0	11	586	Wind9
4	1	11	587	Holy5
4	2	11	587	holy5
3	1	11	587	神聖5
3	2	11	587	神聖5
2	1	11	587	神聖5
2	2	11	587	神聖5
1	1	11	587	신성5
1	2	11	587	신성5
0	0	11	587	Holy5
4	1	11	588	Fall1
4	2	11	588	fall1
3	1	11	588	落下1
3	2	11	588	落下1
2	1	11	588	落ちる1
2	2	11	588	落ちる1
1	1	11	588	떨어진다1
1	2	11	588	떨어진다1
0	0	11	588	Fall1
4	1	11	589	Breast
4	2	11	589	breath
3	1	11	589	吐息中
3	2	11	589	氣息
2	1	11	589	ブレス
2	2	11	589	ブレス
1	1	11	589	호흡
1	2	11	589	호흡
0	0	11	589	Breath
4	1	11	591	Down
4	2	11	591	decrease
3	1	11	591	降低
3	2	11	591	下降
2	1	11	591	ダウン
2	2	11	591	ダウン
1	1	11	591	다운
1	2	11	591	다운
0	0	11	591	Debuff
4	1	11	592	Numbness3
4	2	11	592	paralyze3
3	1	11	592	麻痺3
3	2	11	592	麻痺3
2	1	11	592	しびれ3
2	2	11	592	しびれ3
1	1	11	592	마비3
1	2	11	592	마비3
0	0	11	592	Paralyze3
4	1	11	593	Song
4	2	11	593	song
3	1	11	593	歌
3	2	11	593	歌
2	1	11	593	歌
2	2	11	593	歌
1	1	11	593	노래
1	2	11	593	노래
0	0	11	593	Song
4	1	11	594	Teleport1
4	2	11	594	teleport1
3	1	11	594	傳送1
3	2	11	594	傳送1
2	1	11	594	テレポート1
2	2	11	594	テレポート1
1	1	11	594	텔리포트1
1	2	11	594	텔레포트1
0	0	11	594	Teleport1
4	1	11	595	Shot1
4	2	11	595	shot1
3	1	11	595	發射1
3	2	11	595	發射1
2	1	11	595	ショット1
2	2	11	595	ショット1
1	1	11	595	쇼트1
1	2	11	595	쇼트1
0	0	11	595	Shot1
4	1	11	600	Recovery3
4	2	11	600	heal3
3	1	11	600	回復3
3	2	11	600	回復3
2	1	11	600	回復3
2	2	11	600	回復3
1	1	11	600	회복3
1	2	11	600	회복3
0	0	11	600	Recovery3
4	1	11	602	Cold2
4	2	11	602	ice04
3	1	11	602	冷氣2
3	2	11	602	冰2
2	1	11	602	冷気2
2	2	11	602	冷気2
1	1	11	602	냉기2
1	2	11	602	냉기2
0	0	11	602	Ice2
4	1	11	606	Fog1
4	2	11	606	fog1
3	1	11	606	霧1
3	2	11	606	霧1
2	1	11	606	霧1
2	2	11	606	霧1
1	1	11	606	안개1
1	2	11	606	안개1
0	0	11	606	Fog1
4	1	11	608	Refer Book
4	2	11	608	ensnare
3	1	11	608	纏捲
3	2	11	608	捲襲
2	1	11	608	巻き付き
2	2	11	608	巻き付き
1	1	11	608	감고붙고
1	2	11	608	달라붙기
0	0	11	608	Ensnare
4	1	11	609	Shot3
4	2	11	609	shot3
3	1	11	609	發射3
3	2	11	609	發射3
2	1	11	609	ショット3
2	2	11	609	ショット3
1	1	11	609	쇼트3
1	2	11	609	쇼트3
0	0	11	609	Shot3
4	1	11	610	Explosion2
4	2	11	610	explode2
3	1	11	610	爆發2
3	2	11	610	爆發2
2	1	11	610	爆発2
2	2	11	610	爆発2
1	1	11	610	폭발2
1	2	11	610	폭발2
0	0	11	610	Explosion2
4	1	11	613	Recovery1
4	2	11	613	heal1
3	1	11	613	回復1
3	2	11	613	回復1
2	1	11	613	回復1
2	2	11	613	回復1
1	1	11	613	회복1
1	2	11	613	회복1
0	0	11	613	Recovery1
4	1	11	615	Sleep
4	2	11	615	sleep
3	1	11	615	睡眠
3	2	11	615	睡眠
2	1	11	615	睡眠
2	2	11	615	睡眠
1	1	11	615	수면
1	2	11	615	수면
0	0	11	615	Sleep
4	1	11	617	Water4
4	2	11	617	water4
3	1	11	617	水4
3	2	11	617	水4
2	1	11	617	水4
2	2	11	617	水4
1	1	11	617	물4
1	2	11	617	물4
0	0	11	617	Water4
4	1	11	619	Sheep
4	2	11	619	sheep
3	1	11	619	羊
3	2	11	619	羊
2	1	11	619	ひつじ
2	2	11	619	ひつじ
1	1	11	619	양
1	2	11	619	양
0	0	11	619	Sheep
4	1	11	620	Explosion5
4	2	11	620	explode5
3	1	11	620	爆發5
3	2	11	620	爆發5
2	1	11	620	爆発5
2	2	11	620	爆発5
1	1	11	620	폭발5
1	2	11	620	폭발5
0	0	11	620	Explosion5
4	1	11	622	Earth5
4	2	11	622	earth05
3	1	11	622	大地5
3	2	11	622	大地5
2	1	11	622	大地5
2	2	11	622	大地5
1	1	11	622	대지5
1	2	11	622	대지5
0	0	11	622	Earth5
4	1	11	625	Wind3
4	2	11	625	wind03
3	1	11	625	風3
3	2	11	625	風3
2	1	11	625	風3
2	2	11	625	風3
1	1	11	625	바람3
1	2	11	625	바람3
0	0	11	625	Wind3
4	1	11	626	Thunder10
4	2	11	626	bolt10
3	1	11	626	雷10
3	2	11	626	雷10
2	1	11	626	雷10
2	2	11	626	雷10
1	1	11	626	천둥10
1	2	11	626	전격10
0	0	11	626	Thunder10
4	1	11	628	Pollen
4	2	11	628	pollen
3	1	11	628	花粉
3	2	11	628	花粉
2	1	11	628	花粉
2	2	11	628	花粉
1	1	11	628	화분
1	2	11	628	꽃가루
0	0	11	628	Pollen
4	1	11	629	Cat
4	2	11	629	cat
3	1	11	629	貓
3	2	11	629	貓
2	1	11	629	ネコ
2	2	11	629	ネコ
1	1	11	629	고양이
1	2	11	629	고양이
0	0	11	629	Cat
4	1	11	630	Thunder4
4	2	11	630	bolt04
3	1	11	630	雷4
3	2	11	630	雷4
2	1	11	630	雷4
2	2	11	630	雷4
1	1	11	630	천둥4
1	2	11	630	전격4
0	0	11	630	Thunder4
4	1	11	632	Recovery6
4	2	11	632	heal6
3	1	11	632	回復6
3	2	11	632	回復6
2	1	11	632	回復6
2	2	11	632	回復6
1	1	11	632	회복6
1	2	11	632	회복6
0	0	11	632	Recovery6
4	1	11	636	Sonic1
4	2	11	636	wave1
3	1	11	636	音波1
3	2	11	636	音波1
2	1	11	636	音波1
2	2	11	636	音波1
1	1	11	636	음파1
1	2	11	636	음파1
0	0	11	636	Wave1
4	1	11	637	Cold6
4	2	11	637	ice08
3	1	11	637	冷氣6
3	2	11	637	冰6
2	1	11	637	冷気6
2	2	11	637	冷気6
1	1	11	637	냉기6
1	2	11	637	냉기6
0	0	11	637	Ice6
4	1	11	638	Water2
4	2	11	638	water2
3	1	11	638	水2
3	2	11	638	水2
2	1	11	638	水2
2	2	11	638	水2
1	1	11	638	물2
1	2	11	638	물2
0	0	11	638	Water2
4	1	11	639	Wind1
4	2	11	639	wind01
3	1	11	639	風1
3	2	11	639	風1
2	1	11	639	風1
2	2	11	639	風1
1	1	11	639	바람1
1	2	11	639	바람1
0	0	11	639	Wind1
4	1	11	640	Dark4
4	2	11	640	dark4
3	1	11	640	暗黑4
3	2	11	640	暗黑4
2	1	11	640	暗黒4
2	2	11	640	暗黒4
1	1	11	640	암흑4
1	2	11	640	암흑4
0	0	11	640	Darkness4
4	1	11	643	Earth6
4	2	11	643	earth06
3	1	11	643	大地6
3	2	11	643	大地6
2	1	11	643	大地6
2	2	11	643	大地6
1	1	11	643	대지6
1	2	11	643	대지6
0	0	11	643	Earth6
4	1	11	644	Annihilation1
4	2	11	644	vanish1
3	1	11	644	消滅1
3	2	11	644	消滅1
2	1	11	644	消滅1
2	2	11	644	消滅1
1	1	11	644	소멸1
1	2	11	644	소멸1
0	0	11	644	Collapse1
4	1	11	645	Recovery4
4	2	11	645	heal4
3	1	11	645	回復4
3	2	11	645	回復4
2	1	11	645	回復4
2	2	11	645	回復4
1	1	11	645	회복4
1	2	11	645	회복4
0	0	11	645	Recovery4
4	1	11	646	Recovery7
4	2	11	646	heal7
3	1	11	646	回復7
3	2	11	646	回復7
2	1	11	646	回復7
2	2	11	646	回復7
1	1	11	646	회복7
1	2	11	646	회복7
0	0	11	646	Recovery7
4	1	11	648	Water3
4	2	11	648	water3
3	1	11	648	水3
3	2	11	648	水3
2	1	11	648	水3
2	2	11	648	水3
1	1	11	648	물3
1	2	11	648	물3
0	0	11	648	Water3
4	1	11	649	Thunder1
4	2	11	649	bolt01
3	1	11	649	雷1
3	2	11	649	雷1
2	1	11	649	雷1
2	2	11	649	雷1
1	1	11	649	천둥1
1	2	11	649	전격1
0	0	11	649	Thunder1
4	1	11	651	Roar
4	2	11	651	roar
3	1	11	651	吶喊
3	2	11	651	吶喊
2	1	11	651	おたけび
2	2	11	651	おたけび
1	1	11	651	우렁찬외침
1	2	11	651	우렁찬 외침
0	0	11	651	Roar
4	1	11	655	Explosion7
4	2	11	655	explode7
3	1	11	655	爆發7
3	2	11	655	爆發7
2	1	11	655	爆発7
2	2	11	655	爆発7
1	1	11	655	폭발7
1	2	11	655	폭발7
0	0	11	655	Explosion7
4	1	11	657	Explosion3
4	2	11	657	explode3
3	1	11	657	爆發3
3	2	11	657	爆發3
2	1	11	657	爆発3
2	2	11	657	爆発3
1	1	11	657	폭발3
1	2	11	657	폭발3
0	0	11	657	Explosion3
4	1	11	658	Explosion6
4	2	11	658	explode6
3	1	11	658	爆發6
3	2	11	658	爆發6
2	1	11	658	爆発6
2	2	11	658	爆発6
1	1	11	658	폭발6
1	2	11	658	폭발6
0	0	11	658	Explosion6
4	1	11	659	Rebirth1
4	2	11	659	revive1
3	1	11	659	蘇生1
3	2	11	659	復活1
2	1	11	659	蘇生1
2	2	11	659	蘇生1
1	1	11	659	소생1
1	2	11	659	소생1
0	0	11	659	Raise1
4	1	11	661	Rebirth2
4	2	11	661	revive2
3	1	11	661	蘇生2
3	2	11	661	復活2
2	1	11	661	蘇生2
2	2	11	661	蘇生2
1	1	11	661	소생2
1	2	11	661	소생2
0	0	11	661	Raise2
4	1	11	662	Rebirth3
4	2	11	662	revive3
3	1	11	662	蘇生3
3	2	11	662	復活3
2	1	11	662	蘇生3
2	2	11	662	蘇生3
1	1	11	662	소생3
1	2	11	662	소생3
0	0	11	662	Raise3
4	1	11	664	Item2
4	2	11	664	item2
3	1	11	664	物品2
3	2	11	664	物品2
2	1	11	664	アイテム2
2	2	11	664	アイテム2
1	1	11	664	아이템2
1	2	11	664	아이템2
0	0	11	664	Item2
4	1	11	667	Water1
4	2	11	667	water1
3	1	11	667	水1
3	2	11	667	水1
2	1	11	667	水1
2	2	11	667	水1
1	1	11	667	물1
1	2	11	667	물1
0	0	11	667	Water1
4	1	11	668	Wind6
4	2	11	668	wind06
3	1	11	668	風6
3	2	11	668	風6
2	1	11	668	風6
2	2	11	668	風6
1	1	11	668	바람6
1	2	11	668	바람6
0	0	11	668	Wind6
4	1	11	670	Absorption2
4	2	11	670	absorb2
3	1	11	670	吸收2
3	2	11	670	吸收2
2	1	11	670	吸収2
2	2	11	670	吸収2
1	1	11	670	흡수2
1	2	11	670	흡수2
0	0	11	670	Absorb2
4	1	11	671	Wind11
4	2	11	671	wind11
3	1	11	671	風11
3	2	11	671	風11
2	1	11	671	風11
2	2	11	671	風11
1	1	11	671	바람11
1	2	11	671	바람11
0	0	11	671	Wind11
4	1	11	675	Lion
4	2	11	675	lion
3	1	11	675	獅子
3	2	11	675	獅
2	1	11	675	ライオン
2	2	11	675	ライオン
1	1	11	675	라이온
1	2	11	675	사자
0	0	11	675	Lion
4	1	11	677	Chicken
4	2	11	677	chicken
3	1	11	677	雞
3	2	11	677	雞
2	1	11	677	にわとり
2	2	11	677	にわとり
1	1	11	677	와토리
1	2	11	677	닭
0	0	11	677	Chicken
4	1	11	679	Earth2
4	2	11	679	earth02
3	1	11	679	大地2
3	2	11	679	大地2
2	1	11	679	大地2
2	2	11	679	大地2
1	1	11	679	대지2
1	2	11	679	대지2
0	0	11	679	Earth2
4	1	11	680	Teleport2
4	2	11	680	teleport2
3	1	11	680	傳送2
3	2	11	680	傳送2
2	1	11	680	テレポート2
2	2	11	680	テレポート2
1	1	11	680	텔리포트2
1	2	11	680	텔레포트2
0	0	11	680	Teleport2
4	1	11	681	Wind10
4	2	11	681	wind10
3	1	11	681	風10
3	2	11	681	風10
2	1	11	681	風10
2	2	11	681	風10
1	1	11	681	바람10
1	2	11	681	바람10
0	0	11	681	Wind10
4	1	11	682	Thunder6
4	2	11	682	bolt06
3	1	11	682	雷6
3	2	11	682	雷6
2	1	11	682	雷6
2	2	11	682	雷6
1	1	11	682	천둥6
1	2	11	682	전격6
0	0	11	682	Thunder6
4	1	11	683	Thunder7
4	2	11	683	bolt07
3	1	11	683	雷7
3	2	11	683	雷7
2	1	11	683	雷7
2	2	11	683	雷7
1	1	11	683	천둥7
1	2	11	683	전격7
0	0	11	683	Thunder7
4	1	11	685	Wind5
4	2	11	685	wind05
3	1	11	685	風5
3	2	11	685	風5
2	1	11	685	風5
2	2	11	685	風5
1	1	11	685	바람5
1	2	11	685	바람5
0	0	11	685	Wind5
4	1	11	687	Success2
4	2	11	687	jingle2
3	1	11	687	擊中2
3	2	11	687	碰撞2
2	1	11	687	あたり2
2	2	11	687	あたり2
1	1	11	687	즈음하고2
1	2	11	687	즈음하고2
0	0	11	687	Chime2
4	1	11	688	Power
4	2	11	688	gaze
3	1	11	688	瞪眼
3	2	11	688	凝視
2	1	11	688	にらみ
2	2	11	688	にらみ
1	1	11	688	노려봄
1	2	11	688	노려봄
0	0	11	688	Glare
4	1	11	690	Holy8
4	2	11	690	holy8
3	1	11	690	神聖8
3	2	11	690	神聖8
2	1	11	690	神聖8
2	2	11	690	神聖8
1	1	11	690	신성8
1	2	11	690	신성8
0	0	11	690	Holy8
4	1	11	691	Dark3
4	2	11	691	dark3
3	1	11	691	暗黑3
3	2	11	691	暗黑3
2	1	11	691	暗黒3
2	2	11	691	暗黒3
1	1	11	691	암흑3
1	2	11	691	암흑3
0	0	11	691	Darkness3
4	1	11	693	Earth4
4	2	11	693	earth04
3	1	11	693	大地4
3	2	11	693	大地4
2	1	11	693	大地4
2	2	11	693	大地4
1	1	11	693	대지4
1	2	11	693	대지4
0	0	11	693	Earth4
4	1	11	694	Horse
4	2	11	694	horse
3	1	11	694	馬
3	2	11	694	馬
2	1	11	694	ウマ
2	2	11	694	ウマ
1	1	11	694	우마
1	2	11	694	발판
0	0	11	694	Horse
4	1	11	695	Darkness
4	2	11	695	night
3	1	11	695	暗闇
3	2	11	695	黑暗
2	1	11	695	暗闇
2	2	11	695	暗闇
1	1	11	695	암암
1	2	11	695	안보임
0	0	11	695	Blind
4	1	11	696	Cold11
4	2	11	696	ice03
3	1	11	696	冷氣11
3	2	11	696	冰11
2	1	11	696	冷気11
2	2	11	696	冷気11
1	1	11	696	냉기11
1	2	11	696	냉기11
0	0	11	696	Ice11
4	1	11	697	Earth10
4	2	11	697	earth10
3	1	11	697	大地10
3	2	11	697	大地10
2	1	11	697	大地10
2	2	11	697	大地10
1	1	11	697	대지10
1	2	11	697	대지10
0	0	11	697	Earth10
4	1	11	700	Cold4
4	2	11	700	ice06
3	1	11	700	冷氣4
3	2	11	700	冰4
2	1	11	700	冷気4
2	2	11	700	冷気4
1	1	11	700	냉기4
1	2	11	700	냉기4
0	0	11	700	Ice4
4	1	11	703	Sonic2
4	2	11	703	wave2
3	1	11	703	音波2
3	2	11	703	音波2
2	1	11	703	音波2
2	2	11	703	音波2
1	1	11	703	음파2
1	2	11	703	음파2
0	0	11	703	Wave2
4	1	11	704	Earth9
4	2	11	704	earth09
3	1	11	704	大地9
3	2	11	704	大地9
2	1	11	704	大地9
2	2	11	704	大地9
1	1	11	704	대지9
1	2	11	704	대지9
0	0	11	704	Earth9
4	1	11	706	Fight2
4	2	11	706	battle2
3	1	11	706	戰鬥2
3	2	11	706	戰鬥2
2	1	11	706	戦闘2
2	2	11	706	戦闘2
1	1	11	706	전투2
1	2	11	706	전투2
0	0	11	706	Combat2
4	1	11	710	Dark2
4	2	11	710	dark2
3	1	11	710	暗黑2
3	2	11	710	暗黑2
2	1	11	710	暗黒2
2	2	11	710	暗黒2
1	1	11	710	암흑2
1	2	11	710	암흑2
0	0	11	710	Darkness2
4	1	11	711	Monster2
4	2	11	711	monster2
3	1	11	711	怪物2
3	2	11	711	怪物2
2	1	11	711	モンスター2
2	2	11	711	モンスター2
1	1	11	711	몬스터2
1	2	11	711	몬스터2
0	0	11	711	Monster2
4	1	11	714	Sand Storm
4	2	11	714	sandstorm
3	1	11	714	砂煙
3	2	11	714	沙塵暴
2	1	11	714	砂けむり
2	2	11	714	砂けむり
1	1	11	714	모래연기
1	2	11	714	모래 연기
0	0	11	714	Sandstorm
4	1	11	715	Tiger
4	2	11	715	tiger
3	1	11	715	虎
3	2	11	715	虎
2	1	11	715	トラ
2	2	11	715	トラ
1	1	11	715	트럭
1	2	11	715	트럭
0	0	11	715	Tiger
4	1	11	717	Water5
4	2	11	717	water5
3	1	11	717	水5
3	2	11	717	水5
2	1	11	717	水5
2	2	11	717	水5
1	1	11	717	물5
1	2	11	717	물5
0	0	11	717	Water5
4	1	11	719	Poison
4	2	11	719	poison
3	1	11	719	毒
3	2	11	719	毒
2	1	11	719	毒
2	2	11	719	毒
1	1	11	719	독
1	2	11	719	독
0	0	11	719	Poison
4	1	11	720	Water6
4	2	11	720	water6
3	1	11	720	水6
3	2	11	720	水6
2	1	11	720	水6
2	2	11	720	水6
1	1	11	720	물6
1	2	11	720	물6
0	0	11	720	Water6
4	1	11	721	Wind2
4	2	11	721	wind02
3	1	11	721	風2
3	2	11	721	風2
2	1	11	721	風2
2	2	11	721	風2
1	1	11	721	바람2
1	2	11	721	바람2
0	0	11	721	Wind2
4	1	11	723	Dark1
4	2	11	723	dark1
3	1	11	723	暗黑1
3	2	11	723	暗黑1
2	1	11	723	暗黒1
2	2	11	723	暗黒1
1	1	11	723	암흑1
1	2	11	723	암흑1
0	0	11	723	Darkness1
4	1	11	724	Holy1
4	2	11	724	holy1
3	1	11	724	神聖1
3	2	11	724	神聖1
2	1	11	724	神聖1
2	2	11	724	神聖1
1	1	11	724	신성1
1	2	11	724	신성1
0	0	11	724	Holy1
4	1	11	727	Flash2
4	2	11	727	flash2
3	1	11	727	割裂2
3	2	11	727	閃爍2
2	1	11	727	フラッシュ2
2	2	11	727	フラッシュ2
1	1	11	727	플래시2
1	2	11	727	플래시2
0	0	11	727	Flash2
4	1	11	728	Cold8
4	2	11	728	ice10
3	1	11	728	冷氣8
3	2	11	728	冰8
2	1	11	728	冷気8
2	2	11	728	冷気8
1	1	11	728	냉기8
1	2	11	728	냉기8
0	0	11	728	Ice8
4	1	11	729	Wind8
4	2	11	729	wind08
3	1	11	729	風8
3	2	11	729	風8
2	1	11	729	風8
2	2	11	729	風8
1	1	11	729	바람8
1	2	11	729	바람8
0	0	11	729	Wind8
4	1	11	730	Cold10
4	2	11	730	ice02
3	1	11	730	冷氣10
3	2	11	730	冰10
2	1	11	730	冷気10
2	2	11	730	冷気10
1	1	11	730	냉기10
1	2	11	730	냉기10
0	0	11	730	Ice10
4	1	11	732	Holy6
4	2	11	732	holy6
3	1	11	732	神聖6
3	2	11	732	神聖6
2	1	11	732	神聖6
2	2	11	732	神聖6
1	1	11	732	신성6
1	2	11	732	신성6
0	0	11	732	Holy6
4	1	11	733	Cold7
4	2	11	733	ice09
3	1	11	733	冷氣7
3	2	11	733	冰7
2	1	11	733	冷気7
2	2	11	733	冷気7
1	1	11	733	냉기7
1	2	11	733	냉기7
0	0	11	733	Ice7
4	1	11	735	Holy4
4	2	11	735	holy4
3	1	11	735	神聖4
3	2	11	735	神聖4
2	1	11	735	神聖4
2	2	11	735	神聖4
1	1	11	735	신성4
1	2	11	735	신성4
0	0	11	735	Holy4
4	1	11	736	Cow
4	2	11	736	cow
3	1	11	736	牛
3	2	11	736	牛
2	1	11	736	ウシ
2	2	11	736	ウシ
1	1	11	736	우시
1	2	11	736	소
0	0	11	736	Cow
4	1	11	737	Holy2
4	2	11	737	holy2
3	1	11	737	神聖2
3	2	11	737	神聖2
2	1	11	737	神聖2
2	2	11	737	神聖2
1	1	11	737	신성2
1	2	11	737	신성2
0	0	11	737	Holy2
4	1	11	739	Chaos
4	2	11	739	confuse
3	1	11	739	混亂
3	2	11	739	混亂
2	1	11	739	混乱
2	2	11	739	混乱
1	1	11	739	혼란
1	2	11	739	혼란
0	0	11	739	Confusion
4	1	11	742	Holy7
4	2	11	742	holy7
3	1	11	742	神聖7
3	2	11	742	神聖7
2	1	11	742	神聖7
2	2	11	742	神聖7
1	1	11	742	신성7
1	2	11	742	신성7
0	0	11	742	Holy7
4	1	11	743	Dark5
4	2	11	743	dark5
3	1	11	743	暗黑5
3	2	11	743	暗黑5
2	1	11	743	暗黒5
2	2	11	743	暗黒5
1	1	11	743	암흑5
1	2	11	743	암흑5
0	0	11	743	Darkness5
4	1	11	744	Thunder9
4	2	11	744	bolt09
3	1	11	744	雷9
3	2	11	744	雷9
2	1	11	744	雷9
2	2	11	744	雷9
1	1	11	744	천둥9
1	2	11	744	전격9
0	0	11	744	Thunder9
4	1	11	745	Glass
4	2	11	745	shatter
3	1	11	745	喀嚓
3	2	11	745	裂開
2	1	11	745	ガシャン
2	2	11	745	ガシャン
1	1	11	745	가샨
1	2	11	745	가샨
0	0	11	745	GlassShatter
4	1	11	746	Fight1
4	2	11	746	battle1
3	1	11	746	戰鬥1
3	2	11	746	戰鬥1
2	1	11	746	戦闘1
2	2	11	746	戦闘1
1	1	11	746	전투1
1	2	11	746	전투1
0	0	11	746	Combat1
4	1	11	750	Recovery5
4	2	11	750	heal5
3	1	11	750	回復5
3	2	11	750	回復5
2	1	11	750	回復5
2	2	11	750	回復5
1	1	11	750	회복5
1	2	11	750	회복5
0	0	11	750	Recovery5
3	1	11	756	鐘
3	2	11	756	鐘
2	1	11	756	鐘
2	2	11	756	鐘
1	1	11	756	종
1	2	11	756	종
0	0	11	756	Bell
4	1	11	758	Flash3
4	2	11	758	flash3
3	1	11	758	割裂3
3	2	11	758	閃爍3
2	1	11	758	フラッシュ3
2	2	11	758	フラッシュ3
1	1	11	758	플래시3
1	2	11	758	플래시3
0	0	11	758	Flash3
4	1	11	759	Monster1
4	2	11	759	monster1
3	1	11	759	怪物1
3	2	11	759	怪物1
2	1	11	759	モンスター1
2	2	11	759	モンスター1
1	1	11	759	몬스터1
1	2	11	759	몬스터1
0	0	11	759	Monster1
4	1	11	760	Sea2
4	2	11	760	sea2
3	1	11	760	海2
3	2	11	760	海2
2	1	11	760	海2
2	2	11	760	海2
1	1	11	760	바다2
1	2	11	760	바다2
0	0	11	760	Sea2
4	1	11	762	Earthquake1
4	2	11	762	quake1
3	1	11	762	地震1
3	2	11	762	地震1
2	1	11	762	地震1
2	2	11	762	地震1
1	1	11	762	지진1
1	2	11	762	지진1
0	0	11	762	Earthquake1
4	1	11	767	Rain1
4	2	11	767	rain1
3	1	11	767	雨1
3	2	11	767	雨1
2	1	11	767	雨1
2	2	11	767	雨1
1	1	11	767	비1
1	2	11	767	비1
0	0	11	767	Rain1
4	1	11	768	Rain2
4	2	11	768	rain2
3	1	11	768	雨2
3	2	11	768	雨2
2	1	11	768	雨2
2	2	11	768	雨2
1	1	11	768	비2
1	2	11	768	비2
0	0	11	768	Rain2
4	1	11	770	Earthquake2
4	2	11	770	quake2
3	1	11	770	地震2
3	2	11	770	地震2
2	1	11	770	地震2
2	2	11	770	地震2
1	1	11	770	지진2
1	2	11	770	지진2
0	0	11	770	Earthquake2
4	1	11	771	Sea1
4	2	11	771	sea1
3	1	11	771	海1
3	2	11	771	海1
2	1	11	771	海1
2	2	11	771	海1
1	1	11	771	바다1
1	2	11	771	바다1
0	0	11	771	Sea1
4	1	11	772	Wind4
4	2	11	772	wind04
3	1	11	772	風4
3	2	11	772	風4
2	1	11	772	風4
2	2	11	772	風4
1	1	11	772	바람4
1	2	11	772	바람4
0	0	11	772	Wind4
4	1	11	778	Fog2
4	2	11	778	fog2
3	1	11	778	霧2
3	2	11	778	霧2
2	1	11	778	霧2
2	2	11	778	霧2
1	1	11	778	안개2
1	2	11	778	안개2
0	0	11	778	Fog2
4	1	12	40	System
4	2	12	40	system1
3	1	12	40	系統
3	2	12	40	系統
2	1	12	40	システム
2	2	12	40	システム
1	1	12	40	SYSTEM
1	2	12	40	시스템
0	0	12	40	System
4	2	12	82	system2
3	2	12	82	系統A
2	2	12	82	システムA
1	2	12	82	시스템A
0	0	12	82	SystemA
4	2	12	103	system3
3	2	12	103	系統B
2	2	12	103	システムB
1	2	12	103	시스템B
0	0	12	103	SystemB
4	2	12	106	system4
3	2	12	106	系統C
2	2	12	106	システムC
1	2	12	106	시스템C
0	0	12	106	SystemC
4	2	13	13	system2a
3	2	13	13	系統2A
2	2	13	13	システム２A
1	2	13	13	시스템２A
0	0	13	13	System2A
4	2	13	14	system2c
3	2	13	14	系統2C
2	2	13	14	システム２C
1	2	13	14	시스템２C
0	0	13	14	System2C
4	2	13	17	system2b
3	2	13	17	系統2B
2	2	13	17	システム２B
1	2	13	17	시스템２B
0	0	13	17	System2B
4	1	14	604	Title1
3	1	14	604	標題1
2	1	14	604	タイトル1
1	1	14	604	타이틀1
0	0	14	604	Title1
4	1	14	616	Title4
3	1	14	616	標題4
2	1	14	616	タイトル4
1	1	14	616	타이틀4
0	0	14	616	Title4
4	1	14	621	Title3
3	1	14	621	標題3
2	1	14	621	タイトル3
1	1	14	621	타이틀3
0	0	14	621	Title3
4	2	14	686	title1
3	2	14	686	標題1
2	2	14	686	タイトル1
1	2	14	686	타이틀1
0	0	14	686	Title1
4	2	14	699	title4
3	2	14	699	標題4
2	2	14	699	タイトル4
1	2	14	699	타이틀4
0	0	14	699	Title4
4	1	14	708	Title2
3	1	14	708	標題2
2	1	14	708	タイトル2
1	1	14	708	타이틀2
0	0	14	708	Title2
4	2	14	713	title3
3	2	14	713	標題3
2	2	14	713	タイトル3
1	2	14	713	타이틀3
0	0	14	713	Title3
4	2	14	738	title2
3	2	14	738	標題2
3	2	14	738	標題2
2	2	14	738	タイトル2
2	2	14	738	タイトル2
1	2	14	738	타이틀2
1	2	14	738	타이틀2
0	0	14	738	Title2
